1 0 0 0 0 1 0 0 0 0 1 0
0.9984740737930053 -0.003869620800305407 0.05508692952743041 0.01736941933631897 0.004019287013600603 0.9999885272904463 -0.002606378770297345 -0.02798517607152462 -0.05507621169090271 0.0028238118333164808 0.9984781802710749 1.0074727535247803
0.993920944240116 -0.009417669623374873 0.10969280363077268 0.09777901525994492 0.010227055634220147 0.9999244522523365 -0.006818370770520205 -0.04989155333574983 -0.10962030571864806 0.007898755869886323 0.9939421625854353 1.9939190512112166
0.9864257454450285 -0.012824793539664812 0.16370664671835405 0.23552405529141632 0.015054093394623621 0.999810003881199 -0.012384274128707897 -0.07174097702928701 -0.16351671449070998 0.01468062156948949 0.9864313588538437 2.973302855353276
0.9761521833108315 -0.014745577392213997 0.21658623185936168 0.4286760127720251 0.019198597819910353 0.9996451131757476 -0.018470282624504352 -0.0975703710381435 -0.2162370006083259 0.022187957846677354 0.9760888019378561 3.9486866582368485
0.9631562948718342 -0.015715426285745373 0.26848308032318924 0.6760551146165896 0.023209921037839722 0.9994239652995927 -0.024762855712638504 -0.1285123458036729 -0.26793924357318644 0.030081969357156665 0.9629661297393816 4.916909510360332
0.9474808730088953 -0.016072975816021212 0.31940866740941304 0.9756792095303164 0.027397489445171383 0.9991441296275262 -0.0309928243874185 -0.16543536223338165 -0.3186371196407257 0.03811609939518537 0.947110198258338 5.870857907712551
0.929179553692752 -0.015618443649836384 0.36929878271342625 1.3265753164946827 0.031548469889121085 0.9988121636391978 -0.037136059926775794 -0.20860729019240498 -0.3682800760706465 0.04615687541944793 0.9285685037090468 6.808532453248257
0.9086202310825451 -0.014112085498917452 0.417385055109254 1.7267906318569526 0.035540863906720795 0.9984162003715784 -0.043612998421394406 -0.25777317660004107 -0.4161084895650066 0.05446187485314444 0.9076826265693659 7.726094978839788
0.8853516159669056 -0.011876800314214762 0.46477045415805296 2.1744312581903538 0.03963853245785332 0.9979620939659589 -0.05000628781674622 -0.313231366001904 -0.46322931741171974 0.06269596469164533 0.8840180576857608 8.619584533251501
0.8598155097704221 -0.00915815648673742 0.510522770284889 2.6690261090247325 0.044073445798962545 0.9974387187645077 -0.05633506724806261 -0.3752231738593379 -0.5086992067635477 0.07093825972417529 0.8580168753723214 9.488074900958043
0.8319310628488289 -0.006079538375504444 0.5548457296372108 3.205143543328363 0.04895234726765724 0.9968452471186102 -0.062476145180806644 -0.4427781637012909 -0.5527154643374876 0.07913684462683221 0.8296041378744579 10.322121620107232
0.8021806618141091 -0.002897405150538082 0.5970743313861117 3.783124217105354 0.05427536828266102 0.9962020639042567 -0.06808575381273604 -0.515988669244612 -0.5946093556421583 0.08702350685088583 0.7992913274149192 11.12428381143822
0.7699840875258567 0.0007728770958303794 0.6380625677448409 4.396174301149642 0.05955662484929915 0.9955465314720011 -0.073076055653692 -0.5936709444458479 -0.6352774091546649 0.09426825686655545 0.7665090256300282 11.886121714335644
0.736188038745116 0.004897006369459065 0.6767593185843388 5.045875709104539 0.06484833366976665 0.9948622888850572 -0.07774170370133468 -0.6755960844235411 -0.6736629597455039 0.10111922843796115 0.7320882094172179 12.611383887117068
0.7010923472132404 0.00904908443876584 0.7130130320722513 5.7303720477981575 0.07040449736631985 0.9941552851378416 -0.08184458808784892 -0.7617891309335123 -0.7095862208764001 0.10757994484211755 0.6963576265036637 13.299663708423834
0.6647309428545239 0.01334365090648976 0.7469636336937399 6.450977102748958 0.07644978702228362 0.9933768188421634 -0.0857790403882955 -0.8521121027904794 -0.7431608517933037 0.1141252032691449 0.6593082541496883 13.954278380555996
0.6272133294968112 0.01787180324913105 0.7786423957767946 7.206206572353086 0.0827446096441011 0.9925497365427449 -0.08943410469336703 -0.9466610361500146 -0.7744395575599925 0.12052273410165808 0.6210616937425975 14.574363571648846
0.588388094356842 0.022698801417615874 0.8082599366400548 7.993697514843496 0.08922773993403532 0.9916782335564089 -0.09280487341124899 -1.0446792688677273 -0.8036402521989376 0.12672450240114141 0.5814664088640568 15.15757722481458
0.547789226164778 0.027696883100550452 0.8361577065168825 8.810594509461712 0.09575449490308643 0.9908083133009998 -0.0955508672459536 -1.1458223943597683 -0.8311184187123349 0.1324076091932857 0.5401021289096273 15.701390049223207
0.505883602959799 0.03312572837035383 0.8619653947941536 9.65701114111532 0.10228454339216785 0.9899088796653795 -0.09807300966974579 -1.2497541246839934 -0.8565158563516633 0.13777928210417217 0.49739054237659136 16.205231430778237
0.46325539568638774 0.03916136749885091 0.8853590780045933 10.523668364692844 0.10883425414711052 0.9889473054218774 -0.10068976126119662 -1.3558652204547312 -0.8795165356683513 0.14300249227618014 0.4538731766800687 16.663815164073142
0.41951333316889305 0.04552870193823877 0.9066066115776829 11.41126745008493 0.11522583906600191 0.9879917416498764 -0.1029341328516146 -1.4646082540912846 -0.9004062142303949 0.14764677598823206 0.40922972472756786 17.078803020615705
0.3747060947364419 0.05187998405890652 0.9256909596548923 12.317761261916552 0.12190590822532794 0.9870080828837479 -0.10466220807287961 -1.5758832201743187 -0.9190942113848936 0.15206478408463833 0.36351355780887906 17.449110694179723
0.32923541164852616 0.05808723502872312 0.9424594753542282 13.243304994201926 0.12886465829991303 0.9860035204083398 -0.10578814727693513 -1.688810407332973 -0.9354131458481771 0.15627894694999622 0.31714199743141447 17.774680323778416
0.28238616086952956 0.06400971478591469 0.9571628693423803 14.183514191062974 0.13584189612055464 0.9850489447410544 -0.10595124172592615 -1.8022239028744043 -0.9496340414328632 0.15994200644462445 0.26946912876621076 18.053268857781774
0.2347405746476334 0.06981970227825951 0.9695473248480007 15.136479237050265 0.1424821656353073 0.984172846434757 -0.10536981186760823 -1.9151005718534893 -0.9615588689836299 0.16287780264243837 0.22107738069375307 18.2837200924949
0.18716617556928128 0.07624155119973143 0.9793650912682104 16.100459699022313 0.14865684998162823 0.9833032162579056 -0.1049579048134734 -2.0273384189565657 -0.9710148023069919 0.16523393707163944 0.17270741406208018 18.46554842444425
0.1406147431548075 0.08304721463923845 0.986575160022767 17.08319581128378 0.1543938122951982 0.9824457100490833 -0.10470508946767694 -2.1403413282223753 -0.9779518115344917 0.16704422476927858 0.1253245342421416 18.601620103874136
0.094522520778404 0.08992908095604045 0.9914525170148653 18.073289223528636 0.16005410906018094 0.9815833048469023 -0.10429305883125664 -2.2531791379470496 -0.9825720419295558 0.16854414640266036 0.07838838019459557 18.690548895194237
0.04931407137146714 0.09684031596409619 0.9940774186315326 19.070273610164122 0.16583900038659868 0.9806788731807446 -0.1037619963313198 -2.36623953766393 -0.9849189204238058 0.16997378402368038 0.03230154075066594 18.73303169623777
0.004433854333888161 0.10389520252249718 0.9945783379797984 20.06763764712856 0.17145732103682843 0.9797806406844757 -0.10311379351650715 -2.478830053809017 -0.9851814432465804 0.17098497247569383 -0.01346920646332977 18.728932111779653
-0.0400837339669927 0.11111746166121217 0.9929985874405447 21.07081828144156 0.17683242422926426 0.9788995865204534 -0.10240171102004605 -2.591570248106583 -0.9834243568732284 0.17148973924677094 -0.058886930075907055 18.679058741224907
-0.08360876771214915 0.11814893080950796 0.9894697553568943 22.07653930855461 0.182232449851271 0.9780148681686308 -0.10138278701292897 -2.704510344059278 -0.979694237122062 0.1718370438985737 -0.10330098961412297 18.5834272698051
-0.126977766909012 0.125188051774691 0.9839738855357224 23.08261386117856 0.1875545318796517 0.9771389383099472 -0.10011533886165247 -2.8169717115031427 -0.9740122637187281 0.17183637844541205 -0.14755429774504308 18.442351630551652
-0.16897919197975603 0.1322508072682899 0.9767065866534635 24.091927225930597 0.19278318681708645 0.9762511548868267 -0.09883590582137075 -2.9292436276264016 -0.9665819347414978 0.17159143115554018 -0.19046165256860914 18.25483361400941
-0.20878660471574287 0.13923153740556918 0.9679993534294861 25.107925674120395 0.19774441616007493 0.9753786269801835 -0.09764170258541954 -3.0418917341663434 -0.9577605591232354 0.1710302216670301 -0.23117803461498668 18.020656302547348
-0.2466241484731859 0.14637685335306924 0.9579928889725681 26.12343918772136 0.20198243435201033 0.974582480516361 -0.09691366651773449 -3.1543282034068265 -0.9478288972898697 0.16959651634655143 -0.26992091568895976 17.741813263245763
-0.2812324738033566 0.15356407027107655 0.9472731567786927 27.145104151088635 0.20568175373885536 0.973819410674979 -0.09680346813635321 -3.268300023851006 -0.9373384420090564 0.1676125488070193 -0.30545475851686105 17.417555011983254
-0.3129965717110756 0.1606292961624677 0.9360723209096984 28.16417518631949 0.20850506818309741 0.9731715527997242 -0.09727724173655676 -3.3836624579151353 -0.9265844849791425 0.16472840800963334 -0.3380911729588294 17.051919148220964
-0.3417833357653619 0.16747890596019782 0.9247350976677704 29.183365391393206 0.21086136624884147 0.9725702101445945 -0.09820773193988772 -3.5015607664628354 -0.9158174568160699 0.16142517135125437 -0.3677229272984907 16.64638131273605
-0.3676641313871023 0.1739789123705445 0.9135395370570536 30.200763283241546 0.21256498125562343 0.9720602474124427 -0.09957478674488915 -3.6222168443677956 -0.9053392871306439 0.15757646998658426 -0.3943733074646816 16.204036214842397
-0.3912155749733127 0.18025708131238014 0.9024731837512966 31.21513717262301 0.21397139254351677 0.9715729302118615 -0.1013038383456463 -3.746042522173586 -0.8950791614213272 0.15347183596755856 -0.41866409655389325 15.72819796225826
-0.41239670585002763 0.18637511638610274 0.8917361418801015 32.22829384719978 0.21498757366349908 0.9711126554398971 -0.10354083726053818 -3.8736301994515885 -0.8852736072370024 0.1490123236521639 -0.44055177998747247 15.220047405632355
-0.43173594714470853 0.1920932481411136 0.8813083124389018 33.2402650765051 0.21574780065915952 0.9706911850679436 -0.10588484844333262 -4.005447050261474 -0.8758179362289747 0.14442606282706846 -0.4605257678582291 14.6817206449722
-0.4492555940451631 0.1976151561692268 0.8712736037570221 34.25689292725296 0.21633610034591552 0.9702692062754243 -0.10851901981277942 -4.142418904096886 -0.8668149532162952 0.13973518849105956 -0.4786499689407522 14.112220392028792
-0.4649736720872644 0.20308181054748284 0.8617176328701737 35.27958191469805 0.21688464664032361 0.9698055981290967 -0.11152643290928932 -4.285245951590593 -0.8583476285035219 0.13503649889416539 -0.49497919211936975 13.512268155091872
-0.47966006890722734 0.2085143433740665 0.8523192161488229 36.30492220408266 0.2176585444413187 0.9692697587167556 -0.1146338219270207 -4.433968955892928 -0.8500301067986673 0.13052931804917792 -0.5103047053684724 12.885139370536336
-0.49298418431894653 0.2134616956721769 0.8434457687202902 37.338193949649366 0.21802671777135202 0.9688126276559944 -0.11775592317653324 -4.5899505445801205 -0.8422773333240987 0.1258419323082431 -0.5241494549745346 12.2283000186684
-0.5052126544596048 0.21825559407575718 0.8349399480363342 38.37050089750796 0.21829378878288697 0.9683474411444555 -0.12104167039552699 -4.751589599681958 -0.834930022455842 0.12111045350678892 -0.5368650163751607 11.548490042701697
-0.5162525985296881 0.22285355164678092 0.8269338308501799 39.40708994450324 0.2184281780900804 0.9678818896377337 -0.12447411340357152 -4.920305695760106 -0.8281137924039276 0.1163656053465153 -0.5483488482638582 10.84378647120938
-0.5265818946548003 0.227364031801035 0.8191563456038392 40.4467784828191 0.21844950084248657 0.967405848089494 -0.128085179206817 -5.095943177251336 -0.8215786202688575 0.11149700119971248 -0.5590857500670742 10.116374463202769
-0.5366753031486243 0.23183030198203444 0.811316428303926 41.48151641099435 0.2185592467784992 0.9668939494083278 -0.13171187622811814 -5.277152280953319 -0.8149917444363457 0.10663424139428318 -0.5695765635856974 9.372321806259588
-0.5463819740007607 0.23615947687868963 0.8035517708180774 42.51509975684298 0.21866797060169255 0.9663701822701196 -0.13532578411091567 -5.4649047043334 -0.8084868953315081 0.10177151533262238 -0.5796475875490176 8.608927810305975
-0.5558718782749482 0.24024471980608808 0.7957945039527137 43.53953766688362 0.21870978121439608 0.9658654294606991 -0.1388165958876345 -5.657658130403745 -0.8019803280822984 0.09688385336022397 -0.5894411363107818 7.8318863701832395
-0.5652291591152179 0.2442601941250029 0.7879422121306798 44.54976991983098 0.2186270196522765 0.9653584101394042 -0.1424270490877348 -5.854355113938565 -0.7954358354685273 0.09176159344477164 -0.5990504313757693 7.045759457497036
-0.5744314465949096 0.24817521533368356 0.7800240799557063 45.55420336929466 0.21856722264390016 0.9648355754488218 -0.146016519609219 -6.056904023592626 -0.7888325863914653 0.08661127532414689 -0.6084746765717531 6.244013460474001
-0.5832528243947261 0.2520226117906066 0.7722051258121018 46.556203599615664 0.21873189789049904 0.9642653863143577 -0.14949488214937098 -6.266078966243644 -0.7822867262421077 0.0817126360562817 -0.6175357098122631 5.424301481085526
-0.5917835680522039 0.2559190348996964 0.7643936364452555 47.55372927456368 0.2189242601821241 0.9636492908046157 -0.1531415568704981 -6.481434859678516 -0.7757991899700676 0.07671771531465967 -0.6262984974674792 4.58874459561115
-0.5996131550559484 0.2599677140911865 0.7568889336349971 48.56214350842628 0.21936940220403572 0.9629347299972071 -0.15695193408960864 -6.706755619726122 -0.7696370511861084 0.07192788857170068 -0.6344170759565164 3.725114509616704
-0.6069416487691389 0.26401237719661697 0.749612742977454 49.57684102465538 0.21989890064497367 0.9621737772699976 -0.16082971630829354 -6.94111425032991 -0.7637187544468432 0.0672248278685762 -0.6420391613273664 2.8374225968698954
-0.613982961980916 0.2678935814925038 0.742467466273483 50.595144342476004 0.22043471992930813 0.9614125628404045 -0.1646040180150972 -7.184281818412444 -0.7579139028585096 0.06260160665262691 -0.6493437998739815 1.928066779225234
-0.6206554324371824 0.2716531437231331 0.735521131257449 51.61636182264118 0.22093274355230272 0.960645811880436 -0.16836959418870434 -7.435967164010433 -0.7523134630930324 0.058001260574554875 -0.6562469598284827 0.9976941351226772
-0.6273878459024763 0.275424980492225 0.7283718453805096 52.62935829230306 0.22139292343097047 0.9598502607546202 -0.172257561586073 -7.693487006298745 -0.7465719779569953 0.05318413373972316 -0.6631753487896171 0.056446180635050025
-0.633811323844244 0.27909940335974703 0.7213783096731607 53.64473841451723 0.22189225195373669 0.95903872917173 -0.17609254855462814 -7.959849174616894 -0.7409771025307109 0.0484588724130892 -0.6697794014235886 -0.905190184021094
-0.6405346894564133 0.2826428064694551 0.7140226450849164 54.64909796357813 0.22233092423364162 0.9582366516446682 -0.1798655087760158 -8.231035394960209 -0.7350403807160865 0.043539284149761166 -0.6766238173101077 -1.874908165594866
-0.6465987281082836 0.28595018064036615 0.7072075273565978 55.6602502680294 0.22258777959430334 0.9574633958806331 -0.1836262500405445 -8.512319284858965 -0.7296333122535585 0.03868332442936687 -0.6827434160099888 -2.8702756390033834
-0.6525514699374596 0.2890079715735825 0.7004647229677179 56.66191305654074 0.22273942929018634 0.956728457971446 -0.18723742716394962 -8.799124013693428 -0.7242677174938025 0.03383912798023034 -0.688687796652942 -3.8746384134344454
-0.6585175054585675 0.29200467240706046 0.6936049271465493 57.65484688427828 0.22304983907491888 0.9559730986921924 -0.19069412325244722 -9.091219325105818 -0.7187512967660464 0.02913312483573453 -0.6946563881477436 -4.88854673740634
-0.6639017930295058 0.29462014442206025 0.6873378047676619 58.66772956364438 0.2233288282370774 0.9552909759257427 -0.19376141963978863 -9.396692675531341 -0.7136936721248833 0.024863868994956306 -0.700016316069457 -5.940654437719914
-0.6692730856086782 0.2969389392722971 0.6811025425888522 59.69205325021685 0.22347443249833632 0.9546738195683563 -0.19661417307893525 -9.71237561914787 -0.7086132204800293 0.020620506708635345 -0.7052955446650715 -7.021293337838571
-0.6745126612569664 0.2990466804237936 0.6749841861676342 60.740166155013746 0.2237296198482907 0.9540924247547883 -0.199130154584866 -10.042099203865419 -0.7035465385898906 0.016698222733518345 -0.7104527922079836 -8.143453490075947
-0.6794270081006063 0.3008974386713572 0.6692081097787284 61.81338370364331 0.22390181143528803 0.953568235334243 -0.20143402844781352 -10.38607976461293 -0.6987466060519808 0.012977268245133988 -0.7152513013252326 -9.30899761182095
-0.6842452773488359 0.3024618630121836 0.6635699175568952 62.911333118410646 0.22385398781678464 0.9531168909395725 -0.20361149371151968 -10.74395269728565 -0.6940444671416317 0.009222649583735039 -0.7198728104948686 -10.517790856594454
-0.6890362187616308 0.3040212268639631 0.6578753988055077 64.01982710651654 0.22381588136270275 0.9526499116433137 -0.2058269902565907 -11.111349254361127 -0.6893007400885438 0.005420792450920239 -0.7244548200332114 -11.755146885111198
-0.6935162890364295 0.30564489694883595 0.6523926891036907 65.14547539990363 0.22381662266361513 0.9521442333527478 -0.20815301630089986 -11.491075447659172 -0.6847928354244407 0.001658903263346728 -0.728735693229196 -13.029297374622399
-0.6976238131463821 0.3071268453089312 0.6472974331246493 66.279294989404 0.22374173419825633 0.9516666484781411 -0.21040525455868986 -11.88069095114494 -0.6806324828468644 -0.001956182607422441 -0.7326221923070183 -14.330538828312383
-0.7016896489694633 0.3085060540000853 0.6422270342735626 67.40837702374475 0.22368701253729695 0.951206705408156 -0.21253255031477425 -12.275966256873334 -0.6764582659455257 -0.005473959751059524 -0.7364604476398336 -15.643557060648142
-0.7062529629262935 0.3096837513626453 0.636633808284827 68.50762618718345 0.2235049723128487 0.9507947520593587 -0.21455761200728132 -12.667984172227943 -0.6717531318072268 -0.009241042537464397 -0.740717250531595 -16.93962989335914
-0.7112510075790115 0.3109147344058881 0.6304394835863987 69.58451992028797 0.22332236150312015 0.9503439340097052 -0.21673401500448367 -13.059006049809108 -0.666520204538575 -0.013360966112972324 -0.7453670510756701 -18.228389513090264
-0.7155853536598219 0.31215169493031497 0.6248990856603555 70.6825886844775 0.22319086885173484 0.9498770822101199 -0.2189051684341595 -13.46518578053732 -0.6619089873047068 -0.017173474987167727 -0.7493873169381478 -19.56206408611349
-0.7199095236072194 0.3134524716932597 0.6192558415865013 71.76344003606864 0.22297936567918533 0.9493661112737668 -0.22132403018303504 -13.873190763960485 -0.6572751275611668 -0.021251913844549816 -0.7533508935214847 -20.893321599879812
-0.724350118598534 0.3145009099232308 0.6135194120008335 72.83795965501184 0.22239134395188298 0.9489089216710774 -0.22386176589644335 -14.286976837786408 -0.6525788447405645 -0.02571280037833121 -0.757284303240501 -22.235690323474962
-0.7283457607256713 0.31515640078595875 0.6084314721174008 73.9306039715185 0.22162343273184054 0.9485720244320024 -0.2260403851528446 -14.715609944795231 -0.6483792400454336 -0.029792794205521538 -0.7607342118570037 -23.619495525110136
-0.7318169527130045 0.3156159059105244 0.6040120375053442 75.03755716308237 0.22068652563826677 0.9482901298482385 -0.2281301433561175 -15.157199890808771 -0.6447802332511047 -0.03365209550021609 -0.76362675991928 -25.038614111665307
-0.7352827551728166 0.3158655199679702 0.5996567637634495 76.14785444505964 0.21959827650721703 0.9480618403776415 -0.23012042043721165 -15.607406621911169 -0.6411989128888388 -0.0375198917047528 -0.766456805486761 -26.477535028052426
-0.7387247271406724 0.31585051603076747 0.595419353260996 77.25536867737813 0.21823840434773079 0.947901383753731 -0.23206683220645394 -16.063186463047543 -0.6376973620896127 -0.041490044158904005 -0.7691686861782265 -27.927212765989953
-0.7420212903776567 0.31542005386110755 0.5915357818944728 78.3624096623849 0.2166510798504102 0.9478739133437407 -0.23366088441275523 -16.525761866447752 -0.6344027944604388 -0.0452243911838226 -0.7716784691905147 -29.391393515531107
-0.745384445435982 0.3149132801996524 0.5875641506576863 79.45977502057768 0.21516079022283563 0.947865276482533 -0.23506865152369605 -16.990410258404946 -0.630958050298321 -0.04879565499323485 -0.7742807750969224 -30.857911452455568
-0.7483150381004083 0.31447884546413707 0.5840613352666592 80.5668417999572 0.2137413283410149 0.9478317478362853 -0.23649442790826147 -17.46494773088703 -0.6279645381342684 -0.05213419521071944 -0.7764936379971035 -32.351268063748115
-0.7504363581842314 0.31400370537163247 0.5815899580716994 81.70766834724311 0.21203806183540083 0.9478051239896935 -0.23812876583162007 -17.958429562332668 -0.6260073900589127 -0.05538118308729135 -0.7778479561338869 -33.90088324724661
-0.7522376843949251 0.3134405904779674 0.5795631186837278 82.87839298672861 0.2104393426608294 0.9478242601972336 -0.23946701615301053 -18.469679494521028 -0.6243827715441029 -0.05817313694390222 -0.7789491957830191 -35.49959691163435
-0.7541407460036477 0.3128336824333831 0.5774138406034673 84.04704576838964 0.20896627195297685 0.9478601887200989 -0.24061196153303366 -18.984967854854073 -0.6225792424841244 -0.06079517172540454 -0.7801915241496827 -37.10309866907514
-0.7560644743646237 0.3120348933296503 0.5753265170440192 85.22760090048585 0.2075806199478822 0.9479759570048861 -0.24135394526638126 -19.50938517073199 -0.6207067148130493 -0.06305241379527617 -0.7815032297103917 -38.73055872360112
-0.7576751119365827 0.3110605422082142 0.5737330339491606 86.43587790836644 0.20609748754644136 0.9481625527979018 -0.24189140982488133 -20.049092080600552 -0.6192351778080953 -0.06503007124572115 -0.7825078916982011 -40.40279825263365
-0.7596947998301125 0.3098330427071967 0.5717229309816957 87.64905077571434 0.20478290117336093 0.9484500795601145 -0.2418806872511547 -20.59401260560139 -0.6171933994514492 -0.06667632803084941 -0.7839810483447226 -42.08839198934875
-0.7622460407655284 0.30876421071835675 0.5688984035977184 88.84337517292974 0.20381509838157455 0.9486785605935254 -0.24180203110123513 -21.132920019036412 -0.6143616720456286 -0.06836246894693299 -0.7860572127532842 -43.75688288808749
-0.7649965836213946 0.30767406388147994 0.5657884889993097 90.03268192050332 0.20295434511769642 0.9489135120597835 -0.24160397417941887 -21.67211624026125 -0.6112197520181047 -0.06999689650088294 -0.7883593426002737 -45.430757677367005
-0.768088142243115 0.3066100838642181 0.5621659838321819 91.17400185805636 0.20219732578126018 0.9491271486602266 -0.24139956764616338 -22.19280772794256 -0.607582641565008 -0.07174760190859283 -0.7910090022142942 -47.05091187301529
-0.7716815329531546 0.30547164844595237 0.557847991902929 92.29921757070076 0.2018041378197041 0.949384939609423 -0.24071378373557273 -22.709036713069757 -0.6031438539508848 -0.07317826455441628 -0.7942682253452136 -48.665316562108885
-0.7758120139041469 0.30442813037866534 0.5526653473068492 93.41222867006094 0.20182800674739118 0.9496196871958681 -0.23976606580209656 -23.221701809040134 -0.5978135470552436 -0.07446996335462709 -0.7981684176570768 -50.28321985200661
-0.7799056847770103 0.30375144919989255 0.5472494985037983 94.5202255262832 0.20228928863476034 0.9497477278639135 -0.23886861653587269 -23.73454364085808 -0.5923057731359181 -0.07559219126756436 -0.8021592073773399 -51.91854026338658
-0.7844717933431514 0.3032697153534652 0.5409540777414057 95.60984785699897 0.20332825528362955 0.9498347336001302 -0.2376373325802878 -24.24189792421392 -0.5858852784294363 -0.07642844519974108 -0.8067817909304071 -53.55308474059459
-0.7893259039259601 0.30342117852721795 0.5337602861519664 96.67813754667979 0.20505216369120016 0.9497126850291124 -0.23664182240023107 -24.74315809741548 -0.5787211562340513 -0.07733872922046293 -0.8118499039896708 -55.185638585009436
-0.7940789173182172 0.30385531235059043 0.5264128921700479 97.73274065538924 0.2069038749428097 0.949483014864397 -0.23595074122005846 -25.24321289683545 -0.5715151027217367 -0.07844654867213524 -0.8168331511435802 -56.82870624542092
-0.7980922097520222 0.30425485725846885 0.5200747554838933 98.76955149202834 0.2084685038276759 0.9492693083828304 -0.23543299002545406 -25.741603494027967 -0.5653227380030069 -0.07947793656331509 -0.821031821570686 -58.475931630058035
-0.8012442022619942 0.30449678810996406 0.5150624690833207 99.84072665844134 0.2093547312912815 0.9490813372197424 -0.23540442906930206 -26.260384716073396 -0.560516175975491 -0.08078557990231407 -0.8241935802943892 -60.20451166999738
-0.8036896733723364 0.3046524523053956 0.5111454753733364 100.91987011096765 0.20984336386435787 0.9489174865808753 -0.2356298292829506 -26.78733368598091 -0.5568201702327865 -0.08211268568916073 -0.8265643169436508 -61.967837136501316
-0.8057807160158975 0.304681272783804 0.507825385115597 102.00704573970795 0.20982771783606732 0.9487571059215419 -0.23628870335760624 -27.32251952775705 -0.5537957448563035 -0.08384095375398222 -0.8284206132635975 -63.76148279039827
-0.8077263191014228 0.3042762331092252 0.5049693616104104 103.10124307605402 0.20954075311326137 0.948763323825933 -0.23651840479026365 -27.865955869481645 -0.5510633679482253 -0.08523039457929706 -0.830099231373646 -65.58214081349826
-0.8093737411714489 0.30383880681591824 0.5025892911328448 104.17598694986997 0.20918970694109687 0.9487931983340172 -0.23670924083876413 -28.403891990787855 -0.5487747731084024 -0.08644965318841236 -0.8314881156979335 -67.38332511683178
-0.811531515132796 0.303030890607421 0.4995885259292919 105.22602861165143 0.2086553460386786 0.9489274691068236 -0.23664259728061382 -28.934484884986073 -0.5457833154480263 -0.08780102898588839 -0.8333134319585048 -69.15732411798723
-0.8137705102141942 0.3019550626923822 0.4965889354102846 106.28148037741167 0.2077913552832533 0.9491248573745357 -0.23661132053757516 -29.470572358356918 -0.542770893329034 -0.08936034337937618 -0.8351133343122946 -70.95467505698156
-0.8156608419362568 0.30101258680361026 0.49405325718633464 107.32947289210665 0.206467176894187 0.9492033308890699 -0.23745404796261282 -30.00530845998716 -0.5404336873074869 -0.09167610656535415 -0.8363770913196888 -72.75200277655647
-0.8175008458149092 0.3000877952214814 0.49156843539840345 108.36660726505607 0.20508559691174869 0.9492588903005705 -0.2384273196843997 -30.53937601816207 -0.5381748462705404 -0.09410084644267148 -0.8375635122020885 -74.54188192842065
-0.8192699234833702 0.29926052747790816 0.48912136964263564 109.3954022249478 0.2036529603345099 0.9492544518938841 -0.23966977284018895 -31.073700416686293 -0.5360243248331855 -0.09674314389675764 -0.838640821065242 -76.32817552993859
-0.8208645382437956 0.2983803490080989 0.48698088561949204 110.42913498862251 0.2021240448607736 0.9492638866643184 -0.24092357081765076 -31.615363050989153 -0.534160185409518 -0.09933499395664805 -0.839526780980158 -78.1328538306535
-0.8225236116716346 0.2975039359095842 0.4847124130512357 111.46258265222595 0.2007232876525086 0.9492797869935712 -0.24202960234124676 -32.1622874107692 -0.5321324068478244 -0.10178192252899983 -0.8405208391238352 -79.94739503743347
-0.824261449834714 0.29652394603665216 0.48235512970437 112.5052258332755 0.19927476815857867 0.9493213297613147 -0.2430614401802875 -32.718758861647224 -0.5299835256929627 -0.10422489336984377 -0.8415785108130371 -81.78803921091496
-0.8256191972193004 0.2955954737871947 0.48059983802440076 113.58676912295903 0.19791063802436448 0.9493830332211468 -0.24393359384300536 -33.30015024582367 -0.5283789445800209 -0.10628035568041894 -0.842330123892576 -83.70709158218462
-0.8268892640937057 0.2948867200126152 0.47884848169473865 114.64264721427884 0.19670624596586328 0.9493675275248139 -0.24496586444360363 -33.87254674220182 -0.5268403302635717 -0.10836707648478228 -0.8430276790177981 -85.58886602972598
-0.8281887547821781 0.2939605008808568 0.4771692197109033 115.70561093753695 0.19533269936026465 0.9494186698796784 -0.2458649553189416 -34.45322921265476 -0.5253079306129926 -0.11041576104136124 -0.843717786230736 -87.49157068958998
-0.8293891887858073 0.2932591745150991 0.47551285965947804 116.77646302874243 0.19422928690562138 0.9494152897414012 -0.24675049639723487 -35.04179133265032 -0.5238209985559589 -0.11229358765069741 -0.8443941661021299 -89.41555241532674
-0.8305719343669521 0.292763725516355 0.4737504816068586 117.85242937890001 0.19343486522148656 0.949368206570891 -0.24755432181689388 -35.636861956197386 -0.5222385468783824 -0.1139717242003929 -0.8451491967774409 -91.3571620017587
-0.831807241635303 0.2924237930187171 0.4717890679268297 118.92154313953952 0.192862394338656 0.949277817887855 -0.24834630367390498 -36.231730300016615 -0.5204812665804566 -0.11558579442584703 -0.8460135881843099 -93.2953181664391
-0.8329306404875444 0.29211927557473477 0.4699922408498297 119.9876813611661 0.1923801918649999 0.9491979360745001 -0.24902461795595596 -36.82864591095244 -0.5188605766655024 -0.11700295205330821 -0.8468138841946528 -95.23840461738831
-0.8339289599876636 0.2919793258725297 0.46830596202077446 121.04299405714524 0.1920353433251647 0.9490735142717653 -0.2497640547722233 -37.42245780505481 -0.517382726482151 -0.1183540912198145 -0.8475300897356526 -97.17105537899418
-0.8345569842238496 0.29196079836551236 0.467197416548689 122.10859220354784 0.19170908327118433 0.9489310600663289 -0.2505546793220572 -38.025179718995936 -0.5164902927657454 -0.1195360797004166 -0.847908431136238 -99.13064117092804
-0.83491235098857 0.2922102046003075 0.4664059470265385 123.1842434794601 0.1914617609538032 0.9486948606773724 -0.25163597878162863 -38.63678232817929 -0.5160075369432504 -0.12079499004237161 -0.8480239553761312 -101.11401443153778
-0.8353385339970715 0.2922384609332724 0.4656245497309832 124.24929891106022 0.19104100573156135 0.9485262588324882 -0.2525896383074805 -39.246407678467655 -0.5154735041477081 -0.12204437585067068 -0.8481698925207989 -103.08081614859603
-0.8357637999867479 0.29212363669972236 0.46493296509710413 125.31382051696647 0.19048224427869678 0.9484006279129084 -0.25348183979448946 -39.85944692197479 -0.5149907395680395 -0.12328937332897445 -0.8482830802498981 -105.05050926378928
-0.8362398399651808 0.29192610120420415 0.46420051593188444 126.37446512632985 0.1898964248247407 0.9483049226255779 -0.2542780811519345 -40.47394624497072 -0.5144340576882015 -0.12448733837379666 -0.8484458927892592 -107.01664936822102
-0.8371784708530173 0.2914914575775818 0.46277958140231173 127.41801572245633 0.18931643010294 0.9482768954059124 -0.25481454913758256 -41.08236446180094 -0.5131194640499058 -0.12571337808467575 -0.8490609181038609 -108.95598997560286
-0.8382028532241502 0.29102771559821583 0.461214573358441 128.46883023269316 0.1887682621845859 0.9482583566477932 -0.2552897786260108 -41.69774117345194 -0.5116470151054636 -0.12692184796172729 -0.8497694057467332 -110.91534101116989
-0.8389529227380002 0.2908760065625946 0.45994487274760076 129.53933894831422 0.18837176061008482 0.9481398033715503 -0.2560221547965291 -42.3273143024327 -0.5105627567175347 -0.12814980377356877 -0.8502371843289879 -112.91878880111699
-0.8395228853272712 0.2909014203021439 0.45888762074746553 130.61501842642951 0.18809612041549392 0.9479758149794205 -0.2568308556436736 -42.96326602792866 -0.5097268449874063 -0.1293002962506718 -0.8505644797935967 -114.9376828093694
-0.839822028142538 0.2911882682089961 0.4581576732131464 131.69814332877633 0.18796405574111585 0.9477383420043443 -0.25780192839932453 -43.60703013818911 -0.5092825379923556 -0.13039046093881176 -0.8506641638738234 -116.97542969172223
-0.8398680037655786 0.2919511641147124 0.4575874434571553 132.79678102852503 0.1882711402095933 0.9473801054549142 -0.25889217306654044 -44.26301479728198 -0.5090931511895528 -0.13128464617136468 -0.8506399631007794 -119.04549466420258
-0.8398421643423443 0.29315193824148567 0.4568665796054504 133.89564459915718 0.1889108503191543 0.9468677896910312 -0.2602965958622448 -44.922522222157895 -0.5088987355649996 -0.1323009075887411 -0.8505988325370268 -121.11959986926061
-0.8398456560044855 0.2943135896241874 0.4561127384635168 134.98723650371377 0.18951817233501456 0.9463616846500329 -0.2616920344359161 -45.582005414230444 -0.5086671748105053 -0.1333391694199732 -0.8505752320295465 -123.18401303001266
-0.8398623733186745 0.2952869281407651 0.4554523416484764 136.0848876101247 0.18993862825965 0.9459095501076427 -0.26301849045785347 -46.24942714215745 -0.5084826863777528 -0.1343912496497004 -0.850519928449713 -125.26255088422727
-0.8400983260057998 0.2959833268709587 0.45456424413723995 137.16804482155712 0.1901278133192822 0.9455199967804715 -0.2642795645399585 -46.9124734361997 -0.5080219427661001 -0.13559543014932324 -0.8506041221324815 -127.31709755226672
-0.840534322054284 0.29642271618809224 0.45347057534502505 138.24021136334594 0.190244982196552 0.945227009554568 -0.2652415681665497 -47.57309578583243 -0.5072562792868062 -0.1366740639444415 -0.8508883583693917 -129.3547256144052
-0.8410037512866264 0.29678262127705957 0.4523634754524875 139.3093771594402 0.19026779537223318 0.944947502023097 -0.26621947671231033 -48.23580444109361 -0.5064690466267959 -0.1378213068552898 -0.8511722063233351 -131.39186030055225
-0.8415023582951285 0.29726530643953547 0.4511175318610114 140.3623322958519 0.19041378648284818 0.9446218624236535 -0.2672686064085937 -48.893183770488456 -0.5055851935658567 -0.13900809955740692 -0.8515045601016806 -133.40468828746316
-0.8420146800929738 0.2977219024576498 0.4498587730684227 141.4150217406328 0.19048399231543306 0.9442855881629686 -0.268404451409894 -49.554779344342286 -0.5047050946089056 -0.14030952075074846 -0.8518131697745857 -135.42296398704323
-0.8424361582047752 0.2981560146972169 0.4487808045579969 142.46683896860637 0.19041833918267195 0.9439366979887489 -0.26967513141119365 -50.22076817218325 -0.5040259999791666 -0.1417279178050311 -0.8519803979202909 -137.4460066628893
-0.8428100720263506 0.298664378570205 0.44773952976288656 143.51425812645797 0.1903864036337286 0.9435572947896121 -0.27102205231096715 -50.888934727007864 -0.5034126271923186 -0.1431765292444444 -0.8521008034968317 -139.46632452789362
-0.8432607031364265 0.29925051223831783 0.4464979924296554 144.5637000860496 0.19053177652594963 0.9431644341404337 -0.27228433431466553 -51.5633304787322 -0.5026023759663628 -0.14453455071082152 -0.8523497998502507 -141.49629245590543
-0.8437956214468493 0.29984637064882347 0.4450854255435429 145.6058958364319 0.19076791725464431 0.9427732780491156 -0.273470980286567 -52.237993466301084 -0.5016140727172277 -0.1458455225648639 -0.8527085906487898 -143.51933292635272
-0.8442587813294387 0.3003921761800999 0.44383727019779595 146.66029426925905 0.19100147002473977 0.942421592395436 -0.27451803335508684 -52.92516421025299 -0.5007450717684042 -0.1469906224942682 -0.8530226097930319 -145.57217135617333
-0.8447930255762784 0.3009517325911191 0.4424394649327579 147.68921778609146 0.19124950578698702 0.9420495686294003 -0.27561995663065014 -53.60070436311153 -0.49974841442703977 -0.14822541723821125 -0.8533933286411549 -147.58355506803483
-0.845423455041737 0.3013100143860701 0.4409891296551371 148.71617310204383 0.19136700198626316 0.9417431807555153 -0.2765838093367111 -54.27970552906566 -0.49863619803578135 -0.14943959484190794 -0.8538320705393483 -149.59867928539649
-0.8460617430294297 0.30174596602452636 0.4394642801160545 149.7474959998515 0.19157280370028615 0.9414097586550497 -0.27757461643944775 -54.965905132844135 -0.49747322314795045 -0.15065578400440358 -0.8542965798552083 -151.62986045732907
-0.8467019072178111 0.3021165488588081 0.4379742119256079 150.77037241091512 0.19174182196244172 0.9411028923227559 -0.27849703853039276 -55.651509542976946 -0.4963175995078858 -0.15182593281778833 -0.8547614325529501 -153.65308512472865
-0.8472956191339261 0.3025496736758998 0.4365246479223872 151.79829269215665 0.19192458852968175 0.940766236104414 -0.27950673924427066 -56.344681994027766 -0.49523257676470744 -0.1530449564743976 -0.8551732483863084 -155.69357558335327
-0.8479008961694746 0.30293388266205373 0.4350806054931845 152.81604006850435 0.19209691037566834 0.9404521958354793 -0.2804437112114362 -57.03570046484641 -0.4941286585558 -0.15421076306691958 -0.8556023083856358 -157.7221219088843
-0.8485233169716344 0.30327087303601596 0.43363007809436466 153.8377802301818 0.19230628531297966 0.9401738277252504 -0.28123257875678326 -57.73357438911908 -0.4929775293687095 -0.15524253039631736 -0.8560796716215536 -159.76659154695201
-0.8491877317709914 0.303619096883145 0.43208304649410467 154.85260562761528 0.19249414601288092 0.9398698514249907 -0.2821187004720343 -58.43090925614282 -0.4917587071982049 -0.15639819945766845 -0.8565701689937019 -161.80548585943262
-0.8498986885924322 0.30380144636843015 0.4305543111721038 155.861008810384 0.19260168368048403 0.9396360164417247 -0.28282333246904123 -59.12826656859174 -0.49048672342669397 -0.15744560910581587 -0.8571074293927692 -163.8401514878048
-0.8506748698767114 0.30393903372323544 0.4289213283727389 156.85213290094833 0.19264773248448214 0.9393951735068239 -0.2835910053480961 -59.81800989222863 -0.4891212702381883 -0.15861292855602246 -0.8576723341483967 -165.84886673508228
-0.8514344699647746 0.30390011007676043 0.4274391602277373 157.84520432555996 0.19258899632798337 0.9392377823776902 -0.28415159036278054 -60.513640407480715 -0.4878209999734363 -0.15961628733217373 -0.8582265391902629 -167.87073953418894
-0.8522828161422277 0.30386577415556904 0.42576962244815003 158.8413805731078 0.19253993579001166 0.9390585735565802 -0.2847765839914416 -61.214919972793865 -0.4863567472779986 -0.16073244735974804 -0.858849037956125 -169.90668161082135
-0.8530850149612804 0.30377657346564496 0.42422390484859324 159.8389914874567 0.19241574639662418 0.9388984358583158 -0.2853877702992208 -61.92120226829699 -0.4849975791421623 -0.16183258052702162 -0.8594108579148387 -171.95436267368822
-0.8538230019474647 0.30362302009951 0.42284688047598196 160.84261618914834 0.1922628820175509 0.9387839875718003 -0.28586686583619386 -62.63564135857284 -0.48375793366888453 -0.16278185584174903 -0.8599301051702072 -174.0224304167335
-0.854209257526596 0.3037240062214454 0.42199333185973886 161.85007889002807 0.19198671719448504 0.9385336613246316 -0.28687259958495664 -63.35627186733694 -0.48318534213089304 -0.1640320294224898 -0.8600144382651183 -176.10501640759367
-0.8545452083053563 0.30383241318332066 0.42123439777404675 162.86206835246315 0.19167890332729462 0.938276735445374 -0.2879169864782608 -64.08394400650891 -0.4827132364817298 -0.1652962511884684 -0.8600374900856117 -178.20076255989815
-0.8547641856532523 0.3039667637547369 0.4206928955180685 163.8800606621787 0.1912265500793911 0.9379774306984474 -0.2891902856839068 -64.81978399094687 -0.48250495818926314 -0.16674176129329227 -0.8598753360824548 -180.31206949776455
-0.8550839834354098 0.30418888706603964 0.41988157358335837 164.8963739455138 0.19092743797881728 0.9376437557877944 -0.2904670314247652 -65.55876202358563 -0.48205648206507934 -0.16820671406278478 -0.8598414975545983 -182.42199255501524
-0.8554068767891594 0.3045017869209911 0.41899607083426604 165.9168491909775 0.1908124754817689 0.9373078111838066 -0.29162450818403823 -66.3051556201491 -0.48152876406957384 -0.16950786052798444 -0.8598816500986488 -184.5446560248666
