1 0 0 0 0 1 0 0 0 0 1 0
0.9999049902914727 0.0014799996192710883 0.013706111838853053 0.02339455857872963 -0.0014294656816173715 0.9999921793379514 -0.0036960255948938195 -0.02263548970222473 -0.013711473904550076 0.003676081956850763 0.9998992687834267 0.21510429680347443
0.9995581227814859 0.0017994062194962024 0.029671060877090583 0.045613072145353 -0.0017695462402184403 0.9999979407007296 -0.0010325936559766806 -0.04288498648578683 -0.02967285676663549 0.0009796332536520663 0.9995591911072302 0.4782502619881622
0.9991089968538438 0.001401260844820886 0.04218282964874122 0.06593629726319927 -0.0015541530856403676 0.9999923964640516 0.0035919376052863015 -0.06135326656040065 -0.042177473774489216 -0.003654295154612972 0.9991034795441619 0.7811916850281468
0.998819102326413 0.0016121912586165676 0.048559090908833806 0.08200326553317616 -0.001961062181061707 0.9999726852710292 0.007137677244844973 -0.07775639010149504 -0.0485462533239856 -0.007224474678109603 0.998794854898888 1.1178700451655859
0.9988426465705992 0.0038674453681997504 0.04794401887642633 0.0903576282415114 -0.0042234256952634825 0.9999643519628776 0.007325840276487194 -0.09211034381936245 -0.047913972012005666 -0.007519848394957511 0.9988232345771383 1.4828264435347533
0.9991243000691302 0.009416984091536323 0.040770246721238676 0.08719176580122304 -0.009523190400550626 0.9999518862527742 0.002411568417054989 -0.10530927447888115 -0.04074556993407132 -0.0027977189820935977 0.9991657295940004 1.8707298690172076
0.9994077902935964 0.019304343646168363 0.028491579951119447 0.06911027047098732 -0.019056668858946038 0.9997786388678808 -0.008939014484654388 -0.11931434822858042 -0.028657830672058626 0.008390764042536794 0.9995542030062886 2.2763496800101524
0.99931655028649 0.03445515191956152 0.013400479985866862 0.033810105039098794 -0.03407307153876425 0.9990337512270863 -0.027765743410205018 -0.13708132268067028 -0.014344202878897282 0.027290166008376082 0.9995247771039075 2.694600146876955
0.9984401657546069 0.0558129866585325 -0.001538424694763822 -0.01937935386302579 -0.05581314200861889 0.9969286098820077 -0.054941380117659096 -0.1623767919818148 -0.0015327427832555005 0.0549415367875183 0.9984885297621287 3.1207145396513427
0.996339971705246 0.08450540880788898 -0.012873089225082176 -0.08916708876683406 -0.0853308231268628 0.9921566211630403 -0.09134677527335283 -0.19959867051196217 0.005052823307004028 0.09211090132412653 0.9957360993929811 3.5504449622924237
0.9923850182606345 0.12201170962334912 -0.016892149370055495 -0.1722107430847774 -0.12317524487875578 0.9827313622873532 -0.13808435972423444 -0.2536850518698828 -0.00024746396629723256 0.13911352372251815 0.9902766135918911 3.9802043885557565
0.9853415149860208 0.1703052649174738 -0.0099213998009461 -0.26325849307978855 -0.1689093123567497 0.9658062753396383 -0.19669326305841267 -0.33017596962712115 -0.023915746002219677 0.1954858329138706 0.9804150388178152 4.40700896958812
0.9726732411633514 0.23190631061819095 0.011242297744158393 -0.3554961174084231 -0.22040955705393178 0.9375062549120191 -0.2692619132335056 -0.4354408407036012 -0.0729832542357769 0.2594259266262993 0.963001514975525 4.828070091267621
0.9495853077182905 0.3097164982520727 0.04861739405263731 -0.44111011495919905 -0.2728736750366138 0.8928610430610214 -0.358245049370565 -0.5769708988609343 -0.15436295771146083 0.3269177968273222 0.9323610532645842 5.239833865063722
0.9080007007371349 0.406412774148116 0.10180193609296094 -0.5121688108508005 -0.31752286421121684 0.8260445374463375 -0.4656500972080976 -0.7635143348104512 -0.2733390575621559 0.3904861130837197 0.8790942226985309 5.6363647703601485
0.8359829430752006 0.5230608998022971 0.16595206255822403 -0.5620887057074375 -0.34022300477220296 0.7313101973418357 -0.5911295070974772 -1.0046387771584482 -0.4305591060908638 0.43771339317658525 0.7893200855937965 6.0071524817661
0.7186601375635561 0.6565918288326057 0.22894352078253072 -0.5880991817582835 -0.3208412862718367 0.6052055481792933 -0.7285517137874622 -1.3090547708338356 -0.6169188602801112 0.4501264394576274 0.6455987493729511 6.334764865559292
0.5423382150328886 0.7961018493041909 0.26849848932204157 -0.5950472534570801 -0.23515298354860828 0.450642141301453 -0.8611766266543002 -1.6809661898754893 -0.8065809133158371 0.4039106789754531 0.43160610151102613 6.593599574776936
0.3035664323287289 0.9189589076400075 0.2517185649121217 -0.6002382263597364 -0.06206589612436693 0.282695998371918 -0.9571996790613787 -2.113983505809247 -0.9507868897449715 0.2749504703154579 0.1428530027710799 6.752055010306286
0.023027081336244225 0.9896723734851298 0.14148722059397686 -0.6373287024990533 0.20156026118266943 0.13402266238351573 -0.9702638063271871 -2.583594148669757 -0.9792056256757371 0.05086048913685855 -0.196392437349593 6.78139468326774
-0.2412877918638535 0.9666710058180209 -0.08560184808825942 -0.7547324211068241 0.5205949631001587 0.054491093611936374 -0.8520633944346974 -3.042216745151346 -0.8190003108467085 -0.25015639840760107 -0.5163919915370038 6.673498220738875
-0.39506261142660193 0.8217007128226458 -0.4107722117012447 -1.0023407439433316 0.8074408122719758 0.09732952034723062 -0.5818648539210856 -3.4245307192042422 -0.43813840762488454 -0.5615472685423682 -0.7019258041726538 6.46410573212141
-0.33950534570206553 0.5693292428937362 -0.7487327262239069 -1.4038036407607317 0.9354120754192168 0.28788539213479536 -0.2052478681309218 -3.6710042611451783 0.09869560559303898 -0.7700562849257402 -0.6302959244292641 6.24739612754125
-0.036899197440518894 0.2892784326564945 -0.9565337040427648 -1.9237959465907597 0.797184728905803 0.5857206958913593 0.14638366989977727 -3.7680505930604205 0.6026071501007796 -0.7571325343741895 -0.2522208604828152 6.158710133586598
0.4225066891841633 0.11251643757138367 -0.8993488446118386 -2.4562270273586058 0.39413646956518744 0.8707257958382493 0.29409752517974574 -3.7830757486062683 0.816176931194205 -0.47872432247308544 0.3235406696518023 6.310602371393198
0.8174013671296745 0.1540681161032877 -0.5550839776954534 -2.8622943275313615 -0.10616805997216545 0.9873566701528214 0.11770885852454498 -3.856530881934801 0.5662009596612619 -0.0372832034439396 0.8234237751174329 6.7042778117644595
0.9035167627865298 0.42076143261984583 -0.08134746641669566 -3.056999671873579 -0.4229357930040246 0.8448303603967002 -0.3276998690845865 -4.128229372453104 -0.06915871246991165 0.33048704115529176 0.9412734122383675 7.18444494908557
0.59106403006578 0.7695122842434718 0.24185576771782993 -3.088991512854502 -0.33678661840619045 0.5078813232935111 -0.7928628355706568 -4.630780069112569 -0.7329517712245128 0.3871788619657845 0.5593517986126967 7.5062775027616775
0.053024491184543915 0.9795684660462203 0.19399499578701976 -3.1345071369077333 0.12627660177358088 0.18613134896706093 -0.9743764729166625 -5.236813234837472 -0.9905770098996535 0.07616277349815592 -0.11382705278093799 7.502212051586953
-0.36044506547646843 0.9092222182346792 -0.20831315660962343 -3.381179187570865 0.6706718877138361 0.0974032572175251 -0.7353312189723594 -5.7284852399336135 -0.6482890653881483 -0.4047563483642809 -0.6448982689689338 7.2265243785341395
-0.3688874309033283 0.6114193341653095 -0.7000631951259108 -3.8816917549895713 0.9264958784016535 0.30212757219753883 -0.22433121812200707 -5.955449219079442 0.07434797724081989 -0.731358656549129 -0.6779284942372871 6.938979744052068
0.02682698172700456 0.297949917102266 -0.9542044970144166 -4.503970136761926 0.7216806375334804 0.6547319510931913 0.22472947562298345 -5.953058685261024 0.6917062938353679 -0.6946596823165193 -0.1974601456995264 6.917776644944059
0.5517607823136538 0.17651911907415857 -0.8151080284129123 -5.027285903829189 0.20129754374220635 0.9202627678210964 0.3355531847706599 -5.91585295395728 0.809345074679287 -0.34922429140710437 0.47223206596894524 7.252914902209321
0.8706608708954476 0.3036439091328674 -0.38697558722283276 -5.301775005263674 -0.3002115614939672 0.951231005736835 0.07094260771219887 -6.050896528365317 0.38964440072523004 0.054407611426942136 0.9193569980414178 7.792178106508766
0.8170373079019034 0.5717953117060663 0.07416331200808238 -5.338832169363506 -0.5066705204663693 0.7733946651734054 -0.38098015873504143 -6.438602111933621 -0.2752002337850794 0.27369863468717764 0.9216040620744658 8.26809349336457
0.4614368524955928 0.8164022075648983 0.34722258436439873 -5.275994108259567 -0.35922256052078066 0.5297968550222696 -0.7682933439036727 -7.004285082706133 -0.8111937950383648 0.22978865419036618 0.5377378003563698 8.480167935997578
0.008432035869509023 0.9328840738262189 0.360078111146761 -5.270586493283954 0.0065664325867157486 0.3600315184574745 -0.9329171362701345 -7.594517427723307 -0.9999429499345307 0.010230799842171668 -0.0030899746263101722 8.390232771591974
-0.35591294925543754 0.9173765660854393 0.17817468694517424 -5.414026395023516 0.39519299701088084 0.32052124148878747 -0.8608651530989196 -8.076036438463362 -0.8468461988587537 -0.23597967811249335 -0.47661847060155094 8.09322185798135
-0.5502012734098735 0.8313674742557395 -0.07814529425811984 -5.712550213687704 0.6711338208792943 0.3845856394836286 -0.6337771077888565 -8.387450011631799 -0.4968480325576183 -0.4011509340351594 -0.7695583056070727 7.725876186419721
-0.5924832131817735 0.7441775284734662 -0.3084856718366978 -6.117973375303049 0.7978422182736188 0.4891048649602997 -0.35245476221131966 -8.533048804339915 -0.11140700351580332 -0.4549464071934441 -0.883522629235379 7.3915773441959125
-0.5479522024232577 0.6977395059660312 -0.4614194032272357 -6.56834608578529 0.8109344801105223 0.5784309902449764 -0.08833426788766947 -8.548693409286024 0.20526504065682738 -0.42258384133250676 -0.8827735304770054 7.134174588407761
-0.4801691415426815 0.7020756262469152 -0.5258586655137849 -7.012341405382079 0.7726721565376452 0.6223134871307282 0.12531482305920047 -8.471532776291859 0.41522949453950553 -0.34614399954780994 -0.8412899339555655 6.948873273118877
-0.42691047130277776 0.7470142429876253 -0.5096245252378847 -7.414000379154378 0.7396309072450002 0.6126866984001108 0.27849837048644593 -8.326949910521002 0.5202824652890258 -0.2580401405713601 -0.8140770548586961 6.804704583456318
-0.3960995876566925 0.8147415886743662 -0.4234398166939168 -7.746423612064273 0.7485891703239693 0.553587600540826 0.3649044515466507 -8.13093630141523 0.5317138948599156 -0.17244392845523634 -0.8291824171631469 6.662536106308799
-0.3703415061247985 0.8867039580603618 -0.27677298366799613 -7.983888433144907 0.811093524240597 0.4539112600119331 0.36890658111882985 -7.901028870716422 0.45274133007596334 -0.08786735880251378 -0.8873018853057782 6.485825453968162
-0.31456404517212316 0.9454394392157991 -0.0848158102927541 -8.09882245534799 0.9075899298740941 0.32573591145563036 0.26490900078797586 -7.669607558931294 0.27808301135143676 0.006352850507685819 -0.9605360423857742 6.249045549884277
-0.18932212979533342 0.9747086805979122 0.11874384336839333 -8.067319509873816 0.9818638044183078 0.18668676331765577 0.033039918979362835 -7.493358382180055 0.010036433373557856 0.12284544122325149 -0.9923750953336037 5.949583212351495
0.026048601429169888 0.9613207270598412 0.2741968538243091 -7.885367009576005 0.9484979532496522 0.06285808005484408 -0.3104844888434232 -7.449534791146425 -0.31571062134112815 0.2681628035445566 -0.910173339114888 5.624334830497189
0.3061616172569708 0.9007242857227393 0.308157089333955 -7.591832679698159 0.728015251212513 -0.012953555535513637 -0.6854386608272186 -7.607039318965725 -0.6133994889074761 0.4341980066565413 -0.6597068867848355 5.361675502143876
0.5689073255970534 0.8044497597084844 0.17089471123196634 -7.281244692765114 0.3041368979894663 -0.012730599432728576 -0.9525433364625645 -7.970626469105926 -0.7640976496747695 0.5938842163184009 -0.25190538245387156 5.285441863013759
0.7020973233060531 0.7018390263681845 -0.12033808915273608 -7.079294814633157 -0.2343039705478859 0.06811154920448001 -0.9697744904920805 -8.42984030511296 -0.672429145850966 0.7090717557021614 0.21226460082212856 5.49399756206506
0.621887548013194 0.6287699608616348 -0.46680192617810085 -7.073502957998752 -0.7093577327490049 0.19976635001714108 -0.6759475260027935 -8.772877596472119 -0.33176417835605426 0.75149290906334 0.5702550324318495 5.977359610391368
0.3278811698316552 0.6076386092172937 -0.7233733704499872 -7.241026695306414 -0.9327533570943644 0.32970246837846984 -0.14583375138918106 -8.79283126076293 0.14988377753963855 0.7225450907836896 0.6748801822223142 6.582713347320472
-0.0833257648410428 0.6342273305050952 -0.7686431127242513 -7.440219217325522 -0.8042633341578995 0.4126331329227212 0.4276615726622604 -8.424545426163982 0.5884022929192861 0.653826733139797 0.47570278287147205 7.080299404894151
-0.4583734874981378 0.6831986688256713 -0.5684479424249229 -7.487724566870486 -0.36918849171220514 0.43543498176383394 0.8210336620920803 -7.801378080870842 0.8084512280741286 0.5862045114838473 0.05263720887906465 7.295780667282548
-0.6585087083045882 0.7272703667250342 -0.19350417758063687 -7.266717870611046 0.20051598579595553 0.41738317039465006 0.8863321619058168 -7.181192875686574 0.7253685054754696 0.5448567487500009 -0.4206798128078313 7.210183327596452
-0.620160333737601 0.753806195022776 0.21720312953021184 -6.788008330847033 0.6873716710132867 0.38872123910564876 0.6135275440427375 -6.800488225677602 0.3780493901667401 0.5297847232495911 -0.7592145195615184 6.958268971993728
-0.37424948990396933 0.7671448047216038 0.520985690856058 -6.170990602199318 0.9220538531301401 0.36767690037354894 0.12095667678510459 -6.760855577389182 -0.09876309573029388 0.5256448208059257 -0.8449516836179622 6.741074429325226
-0.02211209028620339 0.7785730234923237 0.6271642498009009 -5.573154059637078 0.8421089624883573 0.35262000579433656 -0.40805848454597216 -7.005992307851925 -0.5388539678693282 0.51911759768462 -0.6634404827899238 6.721997660266331
0.31206049549803067 0.7943561980387099 0.5211682602378435 -5.11833083440897 0.49756948840485987 0.33066575231477413 -0.8019257123712756 -7.377126015529385 -0.8093471470799939 0.5095667486485661 -0.2920596996319624 6.964997774563028
0.5272348097077231 0.8104122488853852 0.25545115677222413 -4.85784897451141 0.013909715384630096 0.2923581449207321 -0.9562077740557773 -7.697100222003901 -0.8496057531897538 0.5076992461048117 0.1428687708442467 7.431108835164878
0.5731599718957779 0.815491231035811 -0.08038372097210164 -4.77097047339724 -0.46271116585894734 0.2411222658963253 -0.8530876367575124 -7.83768163581538 -0.6763031897092051 0.5261501089026729 0.5155385370773842 8.016370804561952
0.4546620094008343 0.7988068365261307 -0.3939415759491383 -4.791209185378041 -0.8137982938915276 0.192831706280904 -0.5482229613871881 -7.748822202574937 -0.3619598105274371 0.5698450857211445 0.7377409132394195 8.601805023993474
0.2176165936536704 0.7566830135428028 -0.6165011903630604 -4.839667373284637 -0.9760330464560726 0.16765761227247675 -0.13874629207413913 -7.451813075843162 -0.0016258365590416637 0.6319190131577836 0.7750326931438368 9.092397005918414
-0.07349863280813525 0.694595687449273 -0.7156358013242616 -4.850815347460633 -0.9451457327555088 0.18049091994191813 0.2722546711303845 -7.01263061750693 0.31827270981490563 0.6963904749274307 0.6432283337955151 9.43530089596643
-0.35713811595683215 0.6246760306429218 -0.6944292405851442 -4.785857460973634 -0.7620701492572641 0.23501849000576697 0.6033368533266016 -6.511631781259436 0.5400938414417746 0.7446784216306576 0.392112902870302 9.619591577990876
-0.5894239281897343 0.5603925461036882 -0.5818413495398294 -4.633387594763654 -0.4910377681840164 0.32337742969660965 0.8088936218131575 -6.019856260098819 0.6414523924990796 0.762487360397729 0.08456750266697811 9.663812056555463
-0.7500812278341535 0.5114629860986531 -0.4192654098289035 -4.402799053093483 -0.1983750138108506 0.430764732713936 0.8803914234903142 -5.587190495494679 0.630892450451604 0.7435368523620711 -0.22164708925642806 9.60090247530766
-0.8408973952344617 0.4809669779760811 -0.24811700876586656 -4.115708979007035 0.06256130421465925 0.541777167307245 0.8381906318367685 -5.239956212138549 0.5375661983355421 0.6893098096076394 -0.48566897394309194 9.465520857201355
-0.8795244634066816 0.4648782535744546 -0.10161062580961573 -3.7980350128277447 0.2582214596498626 0.6456245357467164 0.7186728043868277 -4.984630937676647 0.399697735576062 0.6058522405664346 -0.687884143357387 9.28565060218509
-0.8913827642564873 0.45324763427393233 -0.0017885074453579896 -3.4745961266403764 0.37428568284421904 0.7383055007264349 0.5610839659024445 -4.814193264746084 0.25563050549705785 0.4994711068370676 -0.8277569158027721 9.078809778206551
-0.9013240631918609 0.43141118294872544 0.038719894693631886 -3.166757798876616 0.4100899622898138 0.821156184097666 0.39689892791048687 -4.714714109915691 0.13943162436800677 0.3736131340521066 -0.9170451991976243 8.851645213351338
-0.9249334107291755 0.37993441682180873 0.01216122332642296 -2.892805635512232 0.37133926330827266 0.8962433435941511 0.2426006063722468 -4.671361542543471 0.08127297432798553 0.22890530565024347 -0.9700499610728616 8.60206154671826
-0.9578092192110041 0.273766664971694 -0.08748254053256468 -2.670467548442017 0.2654865793310693 0.9593692959597137 0.09553799597614313 -4.673807343913696 0.11008325118232766 0.06828172075438123 -0.991574061464672 8.32378901682171
-0.9621581181106749 0.08510366842657172 -0.2588609038842936 -2.519804805487503 0.10563192562242321 0.9921840148796256 -0.06642972592890309 -4.721510873877932 0.25118428240721696 -0.09125985994417327 -0.9636274906561358 8.013973977713441
-0.8592036909401604 -0.2005443431153623 -0.4706918584764289 -2.461357767074697 -0.07262009364552548 0.9584662710497472 -0.2758056806341132 -4.828642411111396 0.5064535930337064 -0.20279153679432935 -0.83808126352418 7.685152651982729
-0.5548848996170805 -0.5470457999168373 -0.6267722167819635 -2.5009823169157905 -0.18891073480779103 0.8165709793551922 -0.5454580852603957 -5.024350711291554 0.8101946398575135 -0.1842624033370813 -0.5564457146915767 7.378141789400358
-0.03175619915789522 -0.8263901659090376 -0.5622015913722194 -2.597200541882457 -0.12564961264296642 0.5613237529873942 -0.8180023209097785 -5.3374098237115 0.9915661927409641 0.04466385457873202 -0.12166107611555123 7.160892084431963
0.5239991672393437 -0.8390041455649947 -0.1466175725861198 -2.6353577808476625 0.18732140903201436 0.28145283135681576 -0.9411137133619565 -5.75707337575321 0.8308641962323386 0.46567825167309757 0.3046444906884466 7.086102670552996
0.7244911061817071 -0.46645052870342674 0.5074803929074592 -2.4722598058538767 0.6339053741697589 0.1617478939231433 -0.7563079092475272 -6.1944331304726985 0.2706962839625724 0.8696329121016638 0.4128703712086146 7.107540944062575
0.28360995785240406 0.1120240448368142 0.9523737751635356 -2.084456854031541 0.8859037179047694 0.34955779858740643 -0.3049327883861472 -6.5144478451716274 -0.36706949528893956 0.9301934282767683 -0.0001045222073371396 7.041661398240133
-0.5466618173342679 0.419474949614217 0.7247078098914536 -1.6892336542310793 0.6612537411948841 0.7472278976833716 0.0662871084701289 -6.673016122743553 -0.5137160569684492 0.5154523608020485 -0.6858603918898676 6.702676642451755
-0.9924337874023181 0.10286546240455736 -0.06703449244899823 -1.5959328896674363 0.1051508644841852 0.9939573565869602 -0.03149710430577072 -6.827666116019258 0.0633895638308847 -0.0383075187926594 -0.9972532704200316 6.153996357235468
-0.5227542394887621 -0.5704136309177362 -0.6335266464149933 -1.8221337559214934 -0.21665472896924398 0.8076499626254418 -0.5484179349845371 -7.209649617403657 0.8244929291665606 -0.14943119299451205 -0.5457852250802482 5.742541693336642
0.3993061151883046 -0.8634461398269521 -0.30824516678102015 -1.9616313563325534 0.0845718777396212 0.3694683927031213 -0.9253867525386559 -7.820319050085613 0.912908506199624 0.34344382735180673 0.2205542831329646 5.718488525526984
0.7050451506509279 -0.4184545061349528 0.5725441987447311 -1.6408057961545561 0.6837048542020651 0.18671283803089295 -0.7054686095698676 -8.360030815673607 0.18830511698401692 0.8888385662059586 0.4177403402550923 5.858674818573899
0.010252631308458254 0.2398922798951018 0.9707451881437164 -1.0485910917452328 0.8656027882337947 0.4839024624042072 -0.12872502457335866 -8.581477309709898 -0.5006261723674156 0.8415995855802323 -0.20269024041173095 5.686850169287789
-0.8535975571931942 0.3243655641463983 0.4076245983641684 -0.7527588507395538 0.4049661753690682 0.9053881630493354 0.12757169082240236 -8.631866777595016 -0.3276786009323402 0.2739690765105006 -0.9041943298761095 5.095222984937555
-0.8606044230647886 -0.23791843122181675 -0.45028267739462574 -0.97263188861685 -0.15017996049727506 0.9634092871266035 -0.22200997849735546 -8.881882301471766 0.4866268540020804 -0.12343931694373013 -0.8648449196625524 4.516119693993431
-0.02950329299772213 -0.7698725504160323 -0.6375150626572982 -1.293814799341124 -0.1707772121550391 0.6322975851706325 -0.7556684587764275 -9.453324368600045 0.9848677195004987 0.08657839474726484 -0.15013151782745363 4.379365749286327
0.6965710981292298 -0.7174827011829263 -0.0026286053536964168 -1.1940868008864272 0.3249384083082947 0.3187300434985191 -0.8904078067758416 -10.078596081881475 0.6396900385601634 0.6193783210195419 0.455155861174132 4.593047632238378
0.6036492765323044 -0.22863398722952544 0.7637629100178582 -0.6438494671806596 0.7847041069896135 0.33967320414908164 -0.5185185800726859 -10.436977623161086 -0.1408788569311321 0.91233129918705 0.3844534971807419 4.694831775091618
-0.12513421934983343 0.16951120241049286 0.9775515988212896 -0.06557879062005267 0.7822534135857845 0.6229104876356181 -0.007880558441278837 -10.493472619460313 -0.6102630161511825 0.7637069363556742 -0.21054819046788575 4.384788770049365
-0.809110868588426 0.18060224581384968 0.5592157568045557 0.15064412878128167 0.37396172761741825 0.8922971946993792 0.2528998758899998 -10.472202324559488 -0.4533123441029993 0.41374925946940455 -0.7895057354092007 3.772133524013532
-0.9907554960472962 -0.08427293305615138 -0.1063081665659234 -0.041577628951928375 -0.10161580741890797 0.9801899704964837 0.17000532940824925 -10.602216551083647 0.0898754363141286 0.1792362416697558 -0.9796920932190816 3.1771490688475623
-0.6923435656021371 -0.35914844246772065 -0.6258374676799333 -0.42769293606730774 -0.382569031412693 0.9180953477004457 -0.10364241111114969 -10.950798881122626 0.6118016306439519 0.1676698339945503 -0.7730364846545505 2.832796060076445
-0.19424889401405993 -0.48671248395925054 -0.8516913113892175 -0.7714495820769534 -0.425944471211418 0.8239580808681142 -0.3737168695552005 -11.445292885550842 0.883650691504422 0.2901791213240899 -0.3673653602827313 2.7774696285772382
0.2558130000949675 -0.46820549910398834 -0.8457795953183185 -0.9544406347837244 -0.3275459512027614 0.78116362726083 -0.5315044364705722 -11.974397206674114 0.9095455839676636 0.41299742506843756 0.046473096440437144 2.927961078540387
0.5557582138651785 -0.37867636223766693 -0.74009242129689 -0.9746695393932415 -0.19656796531384815 0.8051375464571244 -0.5595663267931499 -12.456466970910746 0.8077707284753954 0.4564620542976779 0.37302626882743173 3.1852556770990055
0.7107735049593218 -0.2840200330691037 -0.6435319927909788 -0.8875368465955477 -0.09122965745099701 0.8699129158847023 -0.4846943180737836 -12.849843231793324 0.6974796548167884 0.40321707572867327 0.5924001036502199 3.4875523335886323
0.7576928099551369 -0.21175698518154065 -0.6173008219247467 -0.7589275488393887 -0.015354643963094688 0.9398474252046813 -0.341249056173412 -13.13478008967962 0.6524304463574258 0.2680403910050623 0.7088642744692648 3.8094287037844468
0.7162436984078582 -0.15658803698570126 -0.6800550929911868 -0.646365324376788 0.06090927870646712 0.9848087048522041 -0.16260937029289788 -13.298459254638152 0.6951868329612005 0.07504625903800367 0.7149007469647424 4.137930522183195
0.5762631441827976 -0.0953386274938117 -0.8116841463547164 -0.5941526784796178 0.17703796115845388 0.984152231756609 0.010093533327880043 -13.332206373622512 0.7978584744964051 -0.1495154502724513 0.5840092396705044 4.448753441395033
0.3173645191423048 -0.0003846198285765699 -0.9483034710471968 -0.6292421150668108 0.3546794522013931 0.9274708524975893 0.11832287055584427 -13.240822350593715 0.8794782922135141 -0.3738952556063421 0.2944827603767846 4.6947466173034575
-0.04898358345725148 0.1486502216751239 -0.9876758450886192 -0.7494426543577978 0.5681894875402764 0.8174136032648337 0.09484569162984038 -13.054738025689216 0.8214384366692818 -0.5565411959459624 -0.12450133271198334 4.807875693327613
-0.4368215184386975 0.35183659174964393 -0.8278875909462938 -0.9057121116931527 0.7308272665482043 0.6754070935659201 -0.09857389406423842 -12.84003523875601 0.5244791835185497 -0.6481020332091644 -0.5521640836180395 4.722329679008482
-0.6874450112220771 0.5763843588830923 -0.4418147746709431 -0.9934959239416863 0.7262354260900427 0.5445978506315863 -0.41951792068835186 -12.691693186265983 -0.0011922365942323432 -0.6092570669448153 -0.7929717683894006 4.424933883266354
-0.6487531928211089 0.7583546709578844 0.06338249489855197 -0.8809115618657981 0.4875870561382628 0.4781716800679447 -0.7304865981342933 -12.691194705105168 -0.5842756395197836 -0.44300108338711247 -0.679979277737015 4.015228295273983
-0.28947095530975414 0.8331732940535156 0.4711991781088318 -0.4975629973047043 0.07002583452914102 0.5093893612523878 -0.8576822124032043 -12.833255908480405 -0.9546217686489575 -0.21527804374641474 -0.20579703747903677 3.7122940085059977
0.24528978284434838 0.7813747746075596 0.5738347248241218 0.06725220521478936 -0.35273426659059154 0.6232807550275705 -0.6979252259203825 -12.982542586519811 -0.9030012547082917 -0.03121732005741361 0.4285020980555601 3.7408344217220475
0.695657489340068 0.6496132657978364 0.3066972547331994 0.5699453786830108 -0.5789280955106061 0.7597344374157089 -0.296050443596973 -12.935266986977567 -0.42532670580881715 0.028393965646760604 0.9045943074378202 4.1428437312867255
0.8298609730524658 0.5219764373323722 -0.19715790785136134 0.7685168944182896 -0.4962815869189027 0.8519960336692445 0.16675517682241547 -12.569548138016053 0.2550200824724787 -0.04053786465230197 0.9660855321165449 4.689338310027506
0.5761383274283979 0.4633047716462427 -0.6733596185382922 0.6138544421770324 -0.1496390590041639 0.8696953206539758 0.47035959413470774 -11.956725715738802 0.8035375596708046 -0.17023138700062515 0.5703932679691981 5.014048592263164
0.06112362807561712 0.48218856030964896 -0.8739324516631926 0.3002622695880359 0.28316568505187434 0.8312191450149127 0.47842646884133516 -11.32345749553442 0.9571211139463834 -0.27671095039327 -0.08573216218334209 4.875189298875908
-0.4658170038096457 0.5400490448867935 -0.7009717120068802 0.12770125494256296 0.59038543114736 0.7797494017964102 0.20841258435827073 -10.894312938956984 0.6591352575476642 -0.31676145802871497 -0.6820576263830362 4.32281015026788
-0.768898130649824 0.5907763610981333 -0.24449698356513205 0.2991178720839255 0.6355289089467873 0.7480494582271087 -0.19111492915141332 -10.749232893378757 0.06998962804953078 -0.3023328868625703 -0.9506292642903508 3.643876663775356
-0.7364167425779592 0.6135378936060771 0.28506382121322504 0.8124177942540713 0.412507738231893 0.7411888568523961 -0.5296001271050509 -10.797826415630396 -0.5362158976351872 -0.27241545737249034 -0.7989130247683206 3.161299498261129
-0.411275091463388 0.6169813292859514 0.6709594809091851 1.4961062834219458 0.028150439849607644 0.7443419308066442 -0.6672050075316698 -10.859875499201271 -0.9110763398563889 -0.2555170649111453 -0.32349759128705585 3.053405113085236
0.05385081766915432 0.620924491894719 0.7820183241299836 2.1277352278502364 -0.36193801490836486 0.7420358632720088 -0.5642548477250314 -10.774507488233013 -0.9306453305034112 -0.2526566353743059 0.26469543166657933 3.2956882212306042
0.47670320181692577 0.6360875507338395 0.6067508052830742 2.544855422191153 -0.6232305595764301 0.7313246893216078 -0.2770339465127756 -10.469491001028032 -0.6199496912271236 -0.24608272448504123 0.7450540475928671 3.717970192172365
0.717802163784137 0.6561588778145507 0.23284213466956272 2.697727589455634 -0.6868638419058929 0.722075411447053 0.08261432310719403 -9.971430106526592 -0.11392145317708073 -0.2192316226377026 0.9689991159142372 4.10958587071424
0.7192563828082575 0.6641385744837587 -0.20393647407039642 2.639305302102606 -0.5593696354487165 0.7276867449020425 0.39696042097804407 -9.371446021316764 0.4120386054937811 -0.17144048794826866 0.8948923003686506 4.3100422747626705
0.505423514998599 0.6447570279089727 -0.5734416509709886 2.4795884382545896 -0.30377390416924044 0.754985087310509 0.5811358699980002 -8.77718176262423 0.8076313439850367 -0.1195231696326318 0.5774475704675076 4.252488396954281
0.1563945401177808 0.5944621517738325 -0.788768221394502 2.3337462545146384 -0.00722529031526333 0.7992624397949968 0.6009386373709268 -8.2740487224186 0.9876681435268914 -0.08828449167993502 0.12929543866394524 3.959830782109267
-0.2288012183850151 0.5237075407082625 -0.8205974998823775 2.285906907271317 0.24997069205733238 0.8463008889379825 0.47041405358711125 -7.9070962555444515 0.9408317830531521 -0.09749406674621544 -0.32454623196573446 3.5116677377417402
-0.5643155120862586 0.45185442284344923 -0.6909236687627855 2.375539974053149 0.4144258464985077 0.878874112436697 0.2362869609210327 -7.682086519498919 0.7140021934736669 -0.15299627558471887 -0.6832224505286484 3.0052891989177004
-0.7965633285034492 0.39869984474676257 -0.4544504802572836 2.6018027597725246 0.4663589721651717 0.8835861888638346 -0.04224599861644079 -7.577639376393189 0.38470264280821836 -0.24558871406868163 -0.8897696241465263 2.5259532368716204
-0.90907321503899 0.3773322107253436 -0.17665298485467118 2.936955531857283 0.4152858838590892 0.8547570757831711 -0.3113326360423391 -7.560211015800114 0.0335195146965301 -0.3563856874814519 -0.9337374625831806 2.131561966481329
-0.916605627276814 0.3907714227400428 0.08444999336314983 3.341565374811999 0.2894716387369665 0.7943943445425377 -0.5339885934426778 -7.596532386074713 -0.27575410601385014 -0.46501110831540954 -0.8412634867328752 1.8503270518361592
-0.8537510361416943 0.4329685164559932 0.2892185279912685 3.7761563668252998 0.12433699915019275 0.7089207724341118 -0.6942417762569189 -7.6610372900367025 -0.5056178600289664 -0.5567491118204936 -0.6590757888757658 1.6861903120054884
-0.7627948826287975 0.49240655849481085 0.41914147537930974 4.208143634339737 -0.04662256015879327 0.604616681475101 -0.7951508769351857 -7.739080784368191 -0.644957454711447 -0.626078533051315 -0.4382412126743978 1.6269738262660773
-0.6840595777827381 0.555689859245738 0.4725157240988153 4.614577022979855 -0.1963400246935824 0.48361019320132076 -0.8529781447540584 -7.826877146390461 -0.7025046990199504 -0.6762617024185971 -0.22171395786200185 1.652660929373241
-0.6494820589821674 0.6087474882194193 0.4556308675789284 4.98136662824999 -0.3033197590316493 0.34205852406122744 -0.8893779440615053 -7.9299138700328315 -0.6972589386626995 -0.7158368985797109 -0.03751565393930456 1.7417371499436582
-0.6777896498168589 0.634067753835567 0.37223545800375657 5.299578635015109 -0.3459506531551926 0.17170266009868845 -0.922407953387417 -8.060149270702752 -0.6487828493406957 -0.753973669551917 0.10297794662369242 1.8757394125134408
-0.7665402830581645 0.6048399050306532 0.21583496923919157 5.5592841810717415 -0.29497044018912133 -0.03306424682392722 -0.9549342233952858 -8.231735824553766 -0.5704457827081985 -0.7956604265995405 0.20375504258059057 2.041917542426194
-0.8760913631236303 0.4813911376424516 -0.026954848361055352 5.742415751060918 -0.11322465899688072 -0.2597581090138821 -0.9590130987832334 -8.453130951297418 -0.46866202574518345 -0.8371310526624455 0.2820772571517392 2.2348214402562645
-0.9101676014455607 0.22346031929205878 -0.34879869648672396 5.820003345941711 0.21927876580844208 -0.454467889847642 -0.8633516274429874 -8.713351145226824 -0.3514425516062466 -0.8622786791594524 0.36464191461008216 2.457884249620947
-0.7262154345859738 -0.16519758707795257 -0.6673237950372662 5.765846775378037 0.6423781774723393 -0.5088189721844006 -0.5731089074591281 -8.963490286636642 -0.2448707907325986 -0.8448745662047679 0.4756315459032066 2.7244373337526584
-0.23131488379311377 -0.5689788298166127 -0.7891493427020907 5.597962757759301 0.9516079909068493 -0.30101617491348964 -0.061901110303453764 -9.113344970180199 -0.20232635741664784 -0.7652792833869008 0.6110742947425987 3.0534430738158567
0.4412277298638468 -0.7459554402060907 -0.49886742760313196 5.427930547062906 0.8533442608412892 0.1767337568074406 0.49047834664666173 -9.081784428005346 -0.27770836326344633 -0.6421181940162551 0.7145364904616794 3.4526342040635822
0.8582429782462433 -0.47950827062196916 0.1830053752625008 5.437986957110617 0.23437319308280677 0.6833744266404295 0.6914252300219015 -8.90802080675299 -0.45660533782489776 -0.550519240789328 0.6988849879322888 3.8942406848860758
0.5792737839238139 0.1349220540445762 0.8038893617479501 5.71595949291276 -0.5381268575108089 0.8040537895781069 0.25281858783470545 -8.811926694575309 -0.6122593933594468 -0.5790456243123474 0.53837226861516 4.3155641708258
-0.28328557168515267 0.591925312844405 0.7545686459020959 6.071303492760405 -0.7575293175778919 0.3443984331011356 -0.5545622526641582 -9.030441777458533 -0.588131507055664 -0.7287073561139621 0.3508375802392853 4.673732746715107
-0.9182880875552571 0.3951479277141571 -0.02460103502784582 6.1400374226133145 -0.10715323606841258 -0.30787139067368646 -0.9453748353945068 -9.49836551207673 -0.3811366935128802 -0.8654902960642741 0.32505605676970156 5.011373295492405
-0.5906005642475483 -0.30587375483992685 -0.7467477445784212 5.821717546736877 0.7809181717436076 -0.4498458947774162 -0.4333654170416565 -9.803100741083048 -0.2033662843156044 -0.8390946396611204 0.5045417140432443 5.428792955232975
0.38649719496178253 -0.730342900693543 -0.5632220683057582 5.514360961052371 0.8832692735530343 0.11735774907075132 0.4539411844920933 -9.65163672906964 -0.2654343704983676 -0.6729236523124504 0.6904479031433193 5.954414476755285
0.8638823885153323 -0.36356909752564426 0.3486038176192141 5.6761588452447755 0.040576145080960475 0.7400777902075538 0.6712961038378362 -9.317881188441133 -0.5020565877754782 -0.5657758949558735 0.6540923130282026 6.47945702461489
0.24847258429793911 0.3521367751071685 0.9023640619419601 6.190660042071046 -0.7400538114495999 0.6700673851264158 -0.057706535439992705 -9.359486952767542 -0.6249653423640444 -0.6534595790556246 0.42709342934933814 6.88058281938377
-0.7127351654980282 0.5509336564933587 0.43414344875077954 6.459932021549328 -0.5122754168538846 0.013950309882971903 -0.8587079272093447 -9.88109359455554 -0.4791474137650348 -0.8344324625509607 0.27228687902591037 7.183708534402477
-0.8710647608347118 0.03203376266775994 -0.49012222342890616 6.1749989540173 0.43153772406327623 -0.4266376192684905 -0.7948304972871738 -10.367932930054439 -0.2345658860993858 -0.9038551272825683 0.35780536215428116 7.5343994255451685
-0.07797007987485864 -0.5607801502438567 -0.8242852195746386 5.710767142570704 0.9835785477945482 -0.17825829257064843 0.028235416415616853 -10.34123513882318 -0.16276957427650554 -0.8085476809319931 0.5654703122839568 8.009611221560746
0.7558204684528198 -0.5997257128376756 -0.2628009718552521 5.639525769080365 0.5737370709701757 0.41317805552121145 0.7071843523252541 -9.932434696546844 -0.3155332284988921 -0.685282979043965 0.6563733580010415 8.526638873119243
0.8058167874681984 -0.14478957010295407 0.5741907609311202 6.070947289014127 -0.309412269185921 0.7238030558629025 0.6167439623044582 -9.672105748843245 -0.5048993516380351 -0.6746443467667425 0.5384528939672848 8.950876858893688
0.12734426780096653 0.2982856815279431 0.9459433839006006 6.615004273759335 -0.8318466478921867 0.5515391103889382 -0.06193326573798164 -9.885705227653707 -0.5401986642351134 -0.7789930722638753 0.31836310378100585 9.240046515795427
-0.6382220076214755 0.39161145881733017 0.6628068908372317 6.847043747629553 -0.6582034809882178 0.168981776726325 -0.7336302751995123 -10.443175887860958 -0.39930020214356554 -0.9044808873722846 0.14991196742071408 9.461082620070068
-0.980431714321919 0.19338730015594013 0.036808150336577805 6.6558921104857784 -0.05468663567298367 -0.0879389877678152 -0.9946235944096863 -10.99325561035891 -0.18911049558807755 -0.9771735304147925 0.09679382569442563 9.704028903904254
-0.8393476181969072 -0.05321126137866198 -0.5409842515677163 6.2082689533844135 0.543340789048263 -0.11255341371258018 -0.8319330048078597 -11.284407849233713 -0.016621212329715186 -0.9922198136378997 0.12338338021267607 10.00951654574886
-0.44316980979763076 -0.17866652424595642 -0.8784523740510968 5.730064863482369 0.8928530953083611 -0.0004278127554827116 -0.45034779014061277 -11.271876699954221 0.08008639319111019 -0.9839094888504893 0.15971273714858997 10.362124958114535
-0.03422656139068135 -0.1586461825691623 -0.9867419198812771 5.358201112081983 0.9925170465643194 0.11039678461956076 -0.052176227380763295 -11.0393317557695 0.11721074740862693 -0.9811440500549901 0.15368076205092063 10.720324590916295
0.26110754972383354 -0.049157266892273975 -0.9640570992602641 5.123504932595013 0.9576150344290923 0.1390377104202374 0.2522732446534586 -10.691226341792857 0.1216392121676568 -0.9890661418000205 0.0833777568308938 11.041588248107685
0.4193643693744888 0.08919378706354322 -0.9034255070218215 4.997213377192248 0.9021197929847043 0.07038028550927948 0.4257068132668339 -10.301534626809149 0.1015536943186768 -0.9935244732867933 -0.05094830276481671 11.289985203141331
0.4610293379084622 0.22363573729232836 -0.858742508256451 4.935742545722655 0.8865150538597821 -0.07323861133216497 0.4568665044062278 -9.91538794338895 0.03927849461673535 -0.9719172250155367 -0.2320214374154337 11.435403788851229
0.409053120554827 0.3478232129659198 -0.8436197197914014 4.903503477340443 0.9071591987504615 -0.25498107415445553 0.33473372652116035 -9.570217901903943 -0.09867898623122966 -0.9022215006093767 -0.4198317094373561 11.45610565947701
0.2790424736173121 0.4690839308822647 -0.8379112268380324 4.880193021985522 0.899860333999685 -0.4323539869676896 0.05763015382356212 -9.311283521011644 -0.3352409690853065 -0.7700846180997988 -0.5427550510311039 11.348603230345807
0.09304247938700726 0.5964213828216947 -0.7972605292664027 4.862698780278963 0.7608994671891076 -0.5590360572916848 -0.3294093584896889 -9.191550367162804 -0.6421642513078708 -0.5759863105498694 -0.5058307437241077 11.141206178931462
-0.10016246751708742 0.7313877824376129 -0.6745659374811661 4.8672167122883385 0.40586495958958174 -0.5889706687956378 -0.6988469981449154 -9.254144904953655 -0.9084277519785408 -0.34378116729348657 -0.23785182746499828 10.905005994834735
-0.22297477753453535 0.8614656192593352 -0.4562444425331933 4.9306987284610795 -0.14146696102085837 -0.4916682916878105 -0.859214334938168 -9.495460848586415 -0.9645046343702139 -0.12703986244689602 0.23149862252505696 10.751703454816102
-0.20330792958273725 0.960027602766374 -0.19238671951612238 5.101129718919038 -0.6986391042270149 -0.27990438413142077 -0.658450361807836 -9.817951997249892 -0.6859804850775357 0.0005404526671461107 0.7276197109152619 10.794933874173609
-0.029789832877247617 0.9994628805418465 0.013648315792366831 5.404056793387319 -0.9927653789678412 -0.027995724837971907 -0.1167605752346696 -10.022643584873286 -0.11631580984156314 -0.01702810285116182 0.9930662735613648 11.060956312066287
0.22022750893718032 0.9733285802217727 0.0642737603456912 5.799127052300765 -0.8334912860377963 0.15353815464508933 0.5307713774243328 -9.908877889489116 0.5067464465053163 -0.1704623276235494 0.8450743002126173 11.40462325268293
