1 0 0 0 0 1 0 0 0 0 1 0
0.9999049306868883 0.0014712959749695182 0.013708740714314547 0.023402538150548935 -0.0014209429338877394 0.9999921800237442 -0.0036820787711185515 -0.022637158632278442 -0.013714051805436611 0.003662249406163859 0.9998992091791834 0.2151598334312439
0.9995580533820039 0.0017734114968761937 0.029673345618819333 0.04564171199025866 -0.0017447699544517299 0.999997970749997 -0.0009910915098398287 -0.04289563139299563 -0.029675043448225892 0.0009388805564691848 0.9995590989587271 0.47844663185929154
0.9991090103988488 0.001360752028866117 0.04218183106684924 0.06600413450458606 -0.001516640181325405 0.9999921607036647 0.003663843765663297 -0.061397322281251776 -0.0421765130992723 -0.003724553422518853 0.9991031751267201 0.7816498826339267
0.9988194915975824 0.00156614555394237 0.04855114295349919 0.08212541848480488 -0.0019194751613901505 0.9999720149377902 0.007231702378928607 -0.07786015178069543 -0.048538458856855184 -0.007316356952479368 0.9987944542160958 1.1187053742493716
0.9988434715607066 0.0038229827895929196 0.04792910793117078 0.0905417907652315 -0.004183598825689979 0.999963711312891 0.007425889915737698 -0.09230066699479143 -0.04789897842050352 -0.007617816516988214 0.9988231061464166 1.4841445471238996
0.9991260118664204 0.009367014113250197 0.04073770741477209 0.08743305625109309 -0.00947667197332144 0.9999520107754725 0.002499526792704213 -0.10560263717943194 -0.040712337528676555 -0.002883399127933643 0.9991667431397486 1.8725599372091075
0.9994101089005338 0.019248673785763924 0.028444711102775258 0.06939808243517703 -0.01900292143642659 0.9997800147097817 -0.008884892267394048 -0.1197474173625035 -0.028609476206962203 0.008339117958051374 0.9995558878866888 2.2787361824321395
0.999318915171508 0.034399890280185204 0.013360377224080724 0.034141295177114395 -0.03401888319303624 0.9990354068747328 -0.02776831826082727 -0.13772607527553027 -0.014302718255736575 0.0272948979189973 0.9995251233436928 2.6976316459232716
0.9984437188821738 0.0557482511645338 -0.0015543374722509344 -0.019016886071226057 -0.055749239578966645 0.996927143207258 -0.05503164574428389 -0.1632872839741464 -0.0015183599051700372 0.05503264868286815 0.9984834201136348 3.1243362937212247
0.9963474079036185 0.08442292921951691 -0.012833394335961139 -0.0887774150075826 -0.08524607564259228 0.9921446799792497 -0.09155427127039466 -0.2008376753129297 0.005003300265994731 0.09231384934845197 0.9957173685477438 3.554579354416229
0.9923998814046247 0.12190974222891722 -0.016748230094866437 -0.17177591430988015 -0.12305410773491711 0.9826965719806506 -0.13843831243909357 -0.25533129339105587 -0.0004185541299406287 0.1394470929261377 0.9902293742701149 3.984764486827528
0.9853620787295871 0.17020356625229177 -0.009607145156805002 -0.2627255919350759 -0.16873513100802223 0.9657285994131687 -0.1972224756382979 -0.33235178058454007 -0.024290076630574194 0.19595659981318345 0.9803115951082104 4.411946756004075
0.9726799478939445 0.23184995160244143 0.011804279363559966 -0.35477840958753243 -0.22015264686772493 0.9373530742026692 -0.2700038134361798 -0.4382894384926654 -0.07366514443533448 0.26002852831227435 0.9627868453512926 4.833305105380894
0.9495201367651116 0.3097759392347449 0.04950152810564991 -0.4400887601323934 -0.2724725159538301 0.8925839464131259 -0.3592390453873801 -0.5806458346286565 -0.15546786493770384 0.3276168709397637 0.9319318006020672 5.245234513848447
0.9077385544295248 0.4066819449137039 0.10305617243186489 -0.5106995115442825 -0.31686347112877983 0.8255796971275102 -0.46692164195042873 -0.7681965361849279 -0.2749696477184141 0.39118799668519955 0.8782731119374972 5.641753114821932
0.8353056754947539 0.5236320362362726 0.1675530059411869 -0.5600260950853816 -0.33910783932222727 0.7305901558659841 -0.592658465663831 -1.0105104892449637 -0.43274746722957086 0.43823238024884476 0.7878338092591273 6.012250541289305
0.7172565258300158 0.6575043476621074 0.23071890673512277 -0.5853438893117171 -0.3189802545844523 0.6041974184972057 -0.730203557300815 -1.316278762440808 -0.6195117125025388 0.4501484328225223 0.6430954281419383 6.339159280351226
0.5398756881888098 0.7972516652060668 0.27004463231255316 -0.5916341197091972 -0.2322017888070857 0.44942394915345607 -0.8626126485307353 -1.6895990919265476 -0.8090838473503739 0.40299869530778043 0.42775634132297297 6.596711143277576
0.2998833389496947 0.9199916075614228 0.25235987804773374 -0.5964603272324805 -0.05778341953450242 0.28156633547641335 -0.9578003827472279 -2.123851274998934 -0.9522243318357229 0.2726461228286247 0.1375973331735113 6.753191064460001
0.01845771681798268 0.9899227180319626 0.14040068119689603 -0.6338483563492723 0.20700001889902325 0.1335985460792283 -0.9691761902061627 -2.594143743668475 -0.978166868783674 0.046951696445346504 -0.2024480610688327 6.779968555807161
-0.2455846116522553 0.9652838598932706 -0.0889680606332597 -0.7525547471481996 0.526208443536958 0.05566909201465828 -0.8485315043829522 -3.0524650497367056 -0.8141210414563658 -0.2552020409631939 -0.521611947585104 6.669466218843617
-0.39711007755980426 0.8180725211076284 -0.41600604221686527 -1.0024935103820054 0.8112527624648761 0.100933977551043 -0.5759178762341955 -3.433274876893612 -0.4291535001900226 -0.5661888600000115 -0.7037454553687218 6.4584905672457875
-0.33730039621460495 0.5638079233109842 -0.753889329086971 -1.4066896129051587 0.9349835483918795 0.29395429350394603 -0.19848609174157122 -3.6774530947758355 0.10970092554353182 -0.7718235888391844 -0.6263020380292216 6.24250251443861
-0.029989634944359106 0.2836681085625493 -0.9584535149426184 -1.9284214787631688 0.7911492797272709 0.592770783107864 0.15068432204368837 -3.772705697347059 0.6108875328031111 -0.7537608533445128 -0.2422008098243687 6.157489054234087
0.43155662197488354 0.10965150003330931 -0.8953969030907739 -2.4600760014374354 0.3841008120207007 0.875776095196953 0.2923747610706402 -3.7882629554152225 0.8162264644655519 -0.4700989594508284 0.33582971556778785 6.314883853636864
0.8233461682435249 0.15610238446276042 -0.5456494413982265 -2.862438392346744 -0.11505035222806498 0.987375679603836 0.10887111085801661 -3.8656622380789063 0.5557560154260598 -0.026861504981593915 0.8309115528834367 6.7127422973559385
0.9014380795717704 0.42704102910421876 -0.07103242837119503 -3.052297636009641 -0.42435523388254154 0.8391966563093236 -0.34010577608767695 -4.143619395255743 -0.08562887322298417 0.33672720607550566 0.9377008545724298 7.192218779351126
0.5806095219409558 0.776008414192537 0.24638149292660091 -3.081704998778939 -0.3279480206133428 0.49987917633156365 -0.8016054596125601 -4.65131503419109 -0.7452134164000044 0.38461937960447645 0.5447250549639608 7.507544323268018
0.040120041960587334 0.9811933730882305 0.1888127886044419 -3.129443432166169 0.14123036203178865 0.1814992152692243 -0.9731970154409609 -5.257778802258725 -0.9891637572111117 0.06571081317727238 -0.13129244378604746 7.494749343225585
-0.36691818053347286 0.9037322145801922 -0.2205434727573132 -3.3822653123075312 0.6823268377786958 0.10031216764580911 -0.7241325979867604 -5.744516282605428 -0.6322987686117593 -0.41618007259517453 -0.6534469997765885 7.214397980627542
-0.3636985950187619 0.6016274702617289 -0.7111736385191871 -3.888553005673516 0.9266437786791897 0.3116590665007378 -0.21023883813863586 -5.964742206776003 0.0951581830121045 -0.7354681294800801 -0.6708442946973635 6.930382848756278
0.04091664528562941 0.289923577142999 -0.9561748592293078 -4.511603220923296 0.7096770410133312 0.665209284248295 0.23206791852445371 -5.959211074966089 0.7033382497665298 -0.6880707891851826 -0.17853401838076183 6.919072461262299
0.5657194775058999 0.17503379627120058 -0.8058069550984726 -5.029511478028784 0.1847591025626112 0.9254612961297758 0.3307353874585156 -5.9255315290063875 0.8036329364398849 -0.3359836908215779 0.4912123039602818 7.263669240439938
0.8756180341458436 0.30889303320465616 -0.3713197572245092 -5.295572593018843 -0.31086664309446066 0.9487897998091034 0.05621618086710826 -6.069149420584081 0.3696692094582639 0.06620691870841401 0.9268019062491857 7.805344199988107
0.8099257168882275 0.5798953245594838 0.08798864341746278 -5.3261759870712275 -0.5051083019722781 0.7658495852021832 -0.3979201847461742 -6.465609569669505 -0.2981379963589405 0.2778418938133735 0.9131911549872531 8.274829373271727
0.44586392507816835 0.8226052757316354 0.3528826210789287 -5.262222524485497 -0.3462107511827232 0.522040248818377 -0.7794950435310195 -7.03568642735717 -0.8254355376072678 0.22537690250661022 0.5175537578570241 8.475150310831982
-0.008700813786194778 0.9345223001052261 0.35579856756828854 -5.261168695196759 0.025123794961024896 0.35590397737912355 -0.9341850031918656 -7.6242995558203805 -0.9996467497091486 0.0008108228865827582 -0.02657529405870201 8.373815803902373
-0.36857629112202456 0.9146237141437594 0.16617822216993203 -5.41217040528712 0.4125048977837697 0.3211190473657929 -0.852480334521069 -8.099446598360657 -0.8330617356627658 -0.24565469237454576 -0.4956434896747557 8.070045346530938
-0.5555251349285266 0.8261692271638471 -0.09400215484619925 -5.718715301009157 0.682701618505053 0.388652461956788 -0.61876343113693 -8.402351007813087 -0.4746692243859871 -0.4079140511790858 -0.7799331720744817 7.701959580099958
-0.590604125756725 0.7386969293156801 -0.32482891648768525 -6.130755757761693 0.8023305982827157 0.49447592586703976 -0.334304663599768 -8.539564215114199 -0.086329875322161 -0.4580619012544544 -0.8847185875472782 7.372018344932854
-0.540642627721745 0.6934157352834062 -0.47631958730144736 -6.5856940150982854 0.8093238399297997 0.5832290896097173 -0.06956396214958227 -8.548098772549656 0.2295665530746367 -0.42310607674360895 -0.8765163874754046 7.1222578793033735
-0.4695372163250127 0.6994216062055822 -0.5388361413271707 -7.032475823810894 0.7669521026080007 0.6254471862316135 0.14352925398528465 -8.465268114009607 0.4374008618853397 -0.3458692432327091 -0.8300936549961283 6.946208129396476
-0.4146822105657831 0.7459435191094257 -0.5211593660847444 -7.435730506316949 0.7319317970015679 0.6137138419187541 0.29602621636197257 -8.316013124381607 0.5406614371519224 -0.25869633791857427 -0.800476082264598 6.8118176673321305
-0.38354442576072406 0.814908954427883 -0.43453109477320606 -7.769308688953224 0.7407964728469135 0.5524342640953308 0.382148341421555 -8.115713622176509 0.5514658242161194 -0.1753282454162736 -0.8155648674183188 6.679153054316302
-0.3585291853731788 0.887802367099812 -0.28855497629438903 -8.008210396043674 0.8048537206934636 0.45057318084744796 0.3862572718989204 -7.881374019142669 0.47293510443917147 -0.09376002703617171 -0.8760947661901173 6.51094435480544
-0.304686496944648 0.9473782446464482 -0.09818721916075812 -8.125467449264232 0.9043472418480013 0.320104370352916 0.2822935051955259 -7.645075357068685 0.29886873222550225 -0.002784275929423517 -0.9542904642471917 6.280646162285182
-0.1828557671818518 0.9776711733136585 0.10355152948290366 -8.097580626298464 0.9826825106171575 0.1785413056575841 0.049582790485234236 -7.4636318469105065 0.029987271365601257 0.11082485622761837 -0.9933877337608156 5.984267498373692
0.02760144834826416 0.9657301686201948 0.2580765155952464 -7.920445373211303 0.9536109564507619 0.05198522044570293 -0.29651997577768596 -7.415050160326462 -0.29977461052198867 0.25428907585562793 -0.9194959765894847 5.65735127367941
0.3019700151614856 0.9070796465554226 0.2932927045516466 -7.632052936570757 0.7363338962034678 -0.02652032074097802 -0.676098674838193 -7.569617707513279 -0.6054972980333951 0.4201230070603415 -0.6759217819826624 5.387618924323984
0.5597038572291746 0.8130527814112937 0.16023981662844786 -7.325140541583563 0.3131649948995304 -0.028495931355460562 -0.949271305944808 -7.933729876972031 -0.7672415509302498 0.5814924764790086 -0.27056878747141905 5.300351005409038
0.6905625928527463 0.7125123959042661 -0.12429605154552724 -7.123276356624658 -0.22778316673811166 0.05113862903219375 -0.9723682921618073 -8.397862998214272 -0.6864680537626086 0.6997938163978071 0.19761293555554515 5.497807206711821
0.6120276240032706 0.640796711538752 -0.46346730638224926 -7.112823859443722 -0.7079738073769506 0.18279549121445451 -0.6821725280155017 -8.749420421886496 -0.3524140197421595 0.7456311736518755 0.5655432742056875 5.9750355131853485
0.3234474192557653 0.6200466488162619 -0.7147895398540499 -7.271864585473877 -0.9372827804090359 0.31366590714060905 -0.15203651814384941 -8.77878396745434 0.12993556588978106 0.7191357838213116 0.6826134782868235 6.582400613557983
-0.08048366263301515 0.6462514601159152 -0.758868645116446 -7.46168465620838 -0.8130692336906873 0.3978333157082612 0.42502643489360126 -8.417711453127815 0.5765773192675306 0.6512204730126132 0.4934279987411883 7.08904934769023
-0.4492312056660874 0.694549932407235 -0.5619536237602726 -7.502175757179215 -0.37886949289328276 0.42153620007871073 0.8238722655314881 -7.797805357585742 0.8091043072498685 0.5830162593329187 0.07377639840353305 7.3154660379686955
-0.6464324385250191 0.7380744527138253 -0.19331676141165932 -7.278407277710534 0.19364538815266316 0.4037905083617611 0.8941224989735599 -7.17760869156967 0.7379884605104701 0.5405549197567744 -0.4039481849659496 7.236616010611909
-0.6094908578315901 0.7643121451655153 0.2105897470238731 -6.8008039422523865 0.6857986419756213 0.3750266102077912 0.6237272304014171 -6.796071226309617 0.3977454214421836 0.5245782361803497 -0.7527396844157541 6.983686024014299
-0.3686406084903408 0.7774690209502041 0.5095548962492986 -6.18669731199285 0.9262070166854558 0.35380551180846825 0.13024045785698654 -6.757325042210799 -0.0790256186376404 0.5199652799834993 -0.8505244466091811 6.758060282407311
-0.023342153724297616 0.7886557325458384 0.614391914002203 -5.590986259131428 0.8504755377748526 0.33870180007918754 -0.4024584679723465 -7.00648587158545 -0.5254970823800347 0.5131310599196067 -0.6786384298536254 6.726534948212963
0.30439654030898655 0.8040724073823178 0.5106960539666001 -5.135517168222173 0.5075008744328523 0.3168087667780701 -0.801296105150178 -7.384683063227039 -0.806093289663039 0.503090457176599 -0.3116318315771185 6.957351997847726
0.5152965240196039 0.8197584876201748 0.24993137946721455 -4.8708762829651135 0.022679789580834494 0.278485055141828 -0.9601729531801317 -7.713576961866607 -0.8567121870325957 0.5004421877782876 0.12491065706000731 7.414972326483426
0.5599184824889016 0.8246872375032848 -0.07989048493798005 -4.776787713328977 -0.4570551884717687 0.22700633626822406 -0.8599820301435467 -7.863307940837587 -0.6910805465847968 0.5180342101152464 0.5040328658326962 7.996968746812429
0.442937705882306 0.808258024858976 -0.3879760282905018 -4.787889628581745 -0.8120016491348746 0.1782039948769884 -0.5557851266915007 -7.782348386557907 -0.3800787707297656 0.5612153793315959 0.7352403354146319 8.583932906062168
0.2094477108514954 0.7668165097610952 -0.6067325256984206 -4.826510751551184 -0.9776439985675113 0.15244740898138973 -0.14481850250148548 -7.491406876986144 -0.01855418534751805 0.6235003664733971 0.7816034646955126 9.079228607183373
-0.07713576889695897 0.7057773034089666 -0.7042220967869881 -4.828410324273614 -0.9488578432858289 0.16491253583142199 0.26920828105716826 -7.056617028277677 0.3061364011325146 0.6889723003100837 0.656961666668599 9.428235854750938
-0.3563065081789328 0.6370651163534128 -0.6835159352214176 -4.755550886731512 -0.766224576370259 0.21943537606828462 0.6039441284438332 -6.558604571650394 0.5347395229125501 0.7389159763449091 0.4099485520630217 9.618303582789546
-0.5849275245956904 0.5739571294768896 -0.573091040959704 -4.5969294221235 -0.4940745139196301 0.308210849067399 0.8129556866393431 -6.068910332081453 0.6432346957640293 0.7586698828918321 0.10329636606762907 9.666953176225903
-0.7430801364093408 0.5260487156703296 -0.41364833287598146 -4.362147745280281 -0.1991155158624874 0.4163252347616394 0.887145278324578 -5.637783133608349 0.638893921486557 0.7415838824921144 -0.20461879375397746 9.606678819005042
-0.8325613488251115 0.49632603715052076 -0.24597227051831702 -4.072660885000363 0.06477175155107481 0.5282284825594346 0.8466284260878105 -5.291821125429006 0.550133292739825 0.6889380574362178 -0.47193077041846915 9.472042624030873
-0.870824403985579 0.4807244295401165 -0.1028061996336581 -3.7540373252463617 0.26352989064636306 0.6330421945712048 0.7278804132847965 -5.03772815464629 0.41499052175520573 0.6067635189238496 -0.6779540979517356 9.291295626888376
-0.8830008324198796 0.4693348378299052 -0.005876258366921669 -3.4308049099205085 0.3825031908528289 0.7267797670649597 0.5705109523470171 -4.868546271634691 0.2720313355481032 0.5015139277821887 -0.8212694661201981 9.082445977028428
-0.8936583724545201 0.44758211607264614 0.032329990367520274 -3.1241076831958257 0.4208633971592684 0.8109487022547526 0.4064929733411212 -4.770249716865121 0.15572091520333384 0.37687226273343927 -0.9130822401481041 8.852726234083562
-0.9181904126881079 0.396118899923053 0.00405985672326003 -2.8520872284754213 0.3841940535014225 0.887957561323803 0.2528372614993956 -4.727730779208547 0.09654852613319326 0.23371238282041606 -0.9675008227686612 8.60059437620233
-0.9521273659039281 0.2899768167644334 -0.0967844498694567 -2.6324241999027835 0.2796584883369663 0.9540788897100443 0.1073548175333905 -4.730204712615991 0.12347031379165162 0.0751487042752301 -0.9894992169749361 8.320081567635992
-0.9577560719571222 0.10125211704664328 -0.26916858141679534 -2.4851489624160576 0.1194346258611264 0.9914790259325832 -0.05201149348598257 -4.776618500725843 0.26160867648166153 -0.08196256268376728 -0.9616881076665139 8.008544086081878
-0.8562787334571885 -0.18486688125248976 -0.4822979920443607 -2.4309005727937487 -0.062458861205761634 0.963963191756562 -0.2586007896508663 -4.880677977856687 0.5127242227381898 -0.19131077143698283 -0.8369677363218577 7.6783451505161935
-0.5530511812706749 -0.532840759329823 -0.6404806462349633 -2.475840632129602 -0.18713093472510148 0.8285510846284029 -0.5277173624793701 -5.071590985141532 0.8118602696468841 -0.1720011610375167 -0.5579421029775997 7.369673791244597
-0.029099882018372176 -0.8151127946314326 -0.5785711950764855 -2.578955342689134 -0.13595832139929853 0.5766649125997289 -0.8055888393794803 -5.3794293946611305 0.9902875383954435 0.055218874437858875 -0.12760213595725484 7.149509245311747
0.5309514668899511 -0.8313391832201728 -0.16421317154208495 -2.6257775738879374 0.16731335112734438 0.2928148215246997 -0.9414170917959226 -5.796179817347715 0.8307210256421528 0.47237164939212045 0.29456477925003194 7.0698821547352
0.7381063534532596 -0.46050043019173786 0.4930909254090598 -2.4723366080272378 0.6157718741423475 0.16112132325446374 -0.7712751455439577 -6.235481645963539 0.2757250362102246 0.8729145926567211 0.40248807926252184 7.085285119679571
0.3010372631481344 0.12080683747614213 0.9459294727898836 -2.093352359894178 0.8842606417687247 0.3360028985974651 -0.32432327716420956 -6.561117141297105 -0.3570156606510428 0.9340816093504802 -0.0056752096114400215 7.014725590869443
-0.5334832268732362 0.4350673064689824 0.7253359944892686 -1.7044789257370032 0.6789900917692647 0.7316470033459512 0.060543006130124775 -6.722562835718159 -0.5043498296177024 0.5247946106441828 -0.6857278000076952 6.674745534669124
-0.9898863361334695 0.12419331823459456 -0.06856578926438602 -1.6165453246953914 0.12548067371394556 0.9919861683152713 -0.014780654711386322 -6.870497118727261 0.06618052463436035 -0.023234982377865886 -0.9975375010422962 6.127806040210767
-0.5268543885340715 -0.550614432939781 -0.6474939636009578 -1.8508202689352258 -0.21680053949065 0.8236561731742676 -0.5240119203403246 -7.238610290550845 0.8218409353051508 -0.1357011309993084 -0.5533203983359607 5.715452977007372
0.40163072965966123 -0.853047875506052 -0.33317012783258265 -2.0036562063510353 0.06115153604616176 0.387970479791449 -0.9196411721722403 -7.84072865398606 0.9137582087981234 0.3489821378554858 0.20798617384984217 5.684815810068729
0.7225507519360738 -0.4160403400454194 0.5521151165650999 -1.6975693425825265 0.6623180232891237 0.18770664446671045 -0.72532860134872 -8.385004512384436 0.19813027796422122 0.889762419335507 0.41117882224508817 5.817903278679988
0.034762593164142035 0.2458196694457687 0.9686921715553829 -1.1142443582140764 0.8714078796862629 0.4671246857371267 -0.1498111318288482 -8.61504307834414 -0.4893267106042049 0.8493337570704753 -0.19797053960110608 5.645401951743942
-0.840901927964771 0.3434961909390896 0.41820406198912513 -0.8209020237050424 0.43134095280352924 0.8920942493490764 0.13458597280731802 -8.66135042252986 -0.3268479097781347 0.2935619903568438 -0.8983276872463254 5.0581115423985334
-0.868270330393258 -0.20861688995590624 -0.45009551865497816 -1.0452844491943265 -0.13620561805546041 0.9726648893449521 -0.1880733451614538 -8.892200960204047 0.47702725227077175 -0.10199322457701433 -0.8729508602982982 4.4791981379322126
-0.04400776100004211 -0.7454822995324186 -0.6650712428605942 -1.381737011536476 -0.19089621820269398 0.6597248670920625 -0.7268577851015822 -9.445606943262174 0.980623659484814 0.09497192445085954 -0.1713427172252756 4.334342957791318
0.7008289778733385 -0.7116894458787899 -0.04834421726981517 -1.3056582547076105 0.284544666455169 0.34106277169319316 -0.8959414070514437 -10.070615515920277 0.6541205365721372 0.6141453678372769 0.4415342895784747 4.53989948933582
0.6393062154222511 -0.2382610916400204 0.7311084369068844 -0.7733909168292107 0.7601454441199701 0.33930924697698983 -0.5541196805057352 -10.443788766402136 -0.11604669596594444 0.9100007814344254 0.3980358501221474 4.645161230786243
-0.07309345806701785 0.1619823600428027 0.9840830837030644 -0.1954753417834365 0.7965060777924643 0.6032969144279322 -0.040143063446814106 -10.510848926391377 -0.6001968661542915 0.7808938415344326 -0.17311678023135144 4.350047899167143
-0.7731560245938682 0.19224124276964244 0.6043786311514696 0.03572171454743672 0.4179206757865803 0.8712246131154991 0.257508359948353 -10.479322409833971 -0.4770460043527047 0.4516763227553039 -0.7539340230375081 3.7500953863668856
-0.9976018179774687 -0.04931039301970108 -0.04857516079030275 -0.14177810211468997 -0.058926822282608454 0.9732048529994742 0.222262381848719 -10.57767004292855 0.03631354548956496 0.22459154785996496 -0.9737766172358557 3.1512876944203927
-0.7472156743534353 -0.3085299323544428 -0.5886241583871109 -0.5301810056861928 -0.3707130918611509 0.9286074968703063 -0.016140222990943934 -10.885921514711718 0.551580443374134 0.20615022992263532 -0.8082462510414319 2.783834413865092
-0.2833779306249227 -0.4292530272319409 -0.8575774877785306 -0.9008273254799599 -0.45829624389562634 0.8461298170675796 -0.27208350590639585 -11.345797580725659 0.8424145502693242 0.31592184566783144 -0.43649971252175124 2.695029408358596
0.15175806389047214 -0.406186064301333 -0.9011008793213245 -1.1326889135750193 -0.4016607550496489 0.8076499756282647 -0.43170679830835373 -11.853647521143396 0.9031274313360635 0.42745161482422556 -0.04058173606167461 2.8137891252619256
0.44950174398862813 -0.3068498226169177 -0.8389230008413361 -1.2159159201187015 -0.30157890584222397 0.8318794447293777 -0.46586192002152016 -12.326893988208935 0.8408325497579834 0.4624069973543675 0.2813916939123148 3.049468504210409
0.6038746887883132 -0.19293383136017433 -0.7733772265085642 -1.1979004525545696 -0.21402620168540232 0.8953838178113639 -0.39048836038467394 -12.717389011085755 0.7678080363117782 0.4013288036371212 0.49940657774155905 3.34186019125486
0.6422268353510133 -0.09079754902134715 -0.7611181840230316 -1.137919251190948 -0.14154274268423953 0.961835849749235 -0.23417501289167592 -12.997681673429845 0.7533334635758586 0.2581240288567026 0.6048648990557934 3.6608343250544655
0.5801553836356239 0.0034301806063882965 -0.8144988343849852 -1.0861007518842476 -0.05011887187275014 0.9982467793560227 -0.03149487382280077 -13.148198991444813 0.8129630043053343 0.059093499081392255 0.5793099309435309 3.9841680999857663
0.41362902772917276 0.1085434116914374 -0.9039522689402892 -1.0762381976965827 0.10498494005746611 0.9805586665826939 0.1657809135335711 -13.15717501857556 0.9043727807172806 -0.16347333012612078 0.3941918145498564 4.276958752835562
0.1424500412654981 0.2442770364842471 -0.9591856250127325 -1.1203893989912248 0.34380725127249284 0.8965186288167449 0.2793768874718073 -13.03110450953897 0.9281731042008894 -0.3695723371513516 0.04372453968456146 4.4837448127617225
-0.18933898849081607 0.4194344313218195 -0.8878208211298052 -1.2003374563191098 0.6219788410171588 0.7508777246719879 0.22209340117882526 -12.809128788535379 0.7597983196291578 -0.5101548644767258 -0.4030500959488894 4.537430570480763
-0.4697773912763752 0.6202727330710391 -0.6281490243001362 -1.257466817054458 0.8181029791346812 0.5732470249383343 -0.04578015603908033 -12.573230779399339 0.3316880661216988 -0.5353970306848669 -0.7767456729536869 4.389818770511336
-0.5536524242322369 0.8042748736546304 -0.21589613775277805 -1.196440836078772 0.7867123671674326 0.4201555925522543 -0.45227575329693437 -12.436639179444045 -0.27304440934799 -0.420251624577701 -0.8653531405852848 4.067282737208467
-0.3567294141956088 0.913402992497411 0.19605934336337816 -0.9301413138615167 0.46584521573463805 0.35583565381553184 -0.8101663844543588 -12.485597564935603 -0.809773583218945 -0.19767671978186627 -0.5524412581355128 3.721001733819381
0.05951905963573379 0.9106761687663589 0.40881123836223987 -0.4646297767759892 -0.0435530566247953 0.4115163836843409 -0.9103613573900219 -12.688324254856225 -0.9972769140466066 0.036379031039136894 0.06415613777420326 3.5915993300544655
0.49512020416915603 0.8139316381002071 0.303926781709234 0.04992121067750094 -0.5077911818144574 0.5549411181407258 -0.658930092673316 -12.859492260045528 -0.7049853045894057 0.1719183535789068 0.6880701298985176 3.8460216634832927
0.7196621892404632 0.6910131356307774 -0.06773049343376972 0.3911135592376302 -0.6918363299786674 0.7054119384762725 -0.154132747026622 -12.763470294718699 -0.05872951750696938 0.15778194671810952 0.9857263454647268 4.399988576009533
0.6078736088732484 0.614551237545837 -0.5028087912642373 0.43323447962003075 -0.5008289690573577 0.7881300757276337 0.35780126703007553 -12.302213104078008 0.616166218526878 0.03432324193709207 0.7868683675593955 4.920912903166794
0.21335534891289165 0.6143581301378405 -0.7596339830332384 0.26391118190361595 -0.0379295399052333 0.7821596800486823 0.6219228138351367 -11.616959911291527 0.9762385232961428 -0.10387801459771909 0.19017995843991803 5.056944670126956
-0.26451343093751367 0.6670221110516512 -0.6965014911706681 0.13014868187964207 0.455605485010884 0.7229786665319198 0.519351385161291 -10.996524558037182 0.84997445953035 -0.17995448880426854 -0.49513680703367663 4.701932290165643
-0.5958647897709756 0.7254707497100729 -0.34443805009615297 0.2599655754685096 0.736892534192273 0.6644210976362874 0.12463713795244291 -10.67211034125067 0.31927221472717787 -0.17954691874261008 -0.9304992675430601 4.06471120539741
-0.6405639622134673 0.7575189952981118 0.12586895299853698 0.7145075085622719 0.6848441411424631 0.6376981135393598 -0.3526046219345315 -10.674029322472647 -0.3473714311087547 -0.13966514829538879 -0.9272688471460426 3.505277230859378
-0.4035948310719259 0.7619085187852198 0.5065637992840596 1.3738769236105564 0.34179415944075486 0.6391290487920496 -0.688978420890129 -10.844089658413706 -0.8486983750686362 -0.10492752668776 -0.5183648163882338 3.2991974123892196
-0.009567673361220087 0.7570496319239238 0.6532875282461321 2.033533725322231 -0.13187927332213278 0.6466554483919359 -0.7512955780315053 -10.957208362593958 -0.9912199687521773 -0.09334318741577834 0.09365249770196014 3.5031874687167344
0.3710527394851358 0.7595488158750182 0.5342338250715027 2.5222922752153485 -0.5461593027195185 0.6437813381061133 -0.5359627773269139 -10.848409540764596 -0.7510194116055273 -0.09290626592500302 0.6537117451152253 3.972310403393726
0.5976869330800293 0.7709253705215737 0.220101759783974 2.7717737845935986 -0.7616086710954519 0.6317206565850316 -0.14450530445354753 -10.475375745546064 -0.2504452882592808 -0.08126242402236629 0.9647146753902569 4.47151269135359
0.605287511630107 0.7791177663886195 -0.16310379644021394 2.8196835158514606 -0.7303444616482908 0.6250663915638605 0.27548038872079217 -9.907677522430381 0.31658271070504995 -0.0476228311999098 0.947369101726205 4.795385313603304
0.41089452794569875 0.7693952962083048 -0.4890776625726515 2.768218845733947 -0.4930429607050302 0.6387714430407914 0.590660838240632 -9.272715845832186 0.7668606864996184 -0.0015629639957662111 0.6418122887491976 4.839679184677969
0.08981255127793195 0.7353385900604343 -0.6717225558873778 2.7305627227144504 -0.14598594156774772 0.6768833366477746 0.7214690103548187 -8.6961981400335 0.9852018426247313 0.033265100005038545 0.16814134978378203 4.611675819804316
-0.26111021537009094 0.6832907279183198 -0.6818618323747629 2.7905899046671694 0.20152433702595823 0.729387507003527 0.6537448167430665 -8.262372629988887 0.9440391547053364 0.0332876880783421 -0.3281505745384211 4.197302737594219
-0.5569788613343334 0.6292404501310318 -0.5420621025548652 2.985786754076773 0.4621396207701094 0.7771096483102227 0.42723300200124686 -8.001508020879092 0.6900737374064605 -0.012548657960294292 -0.7236308292483572 3.7127289163908115
-0.7453842300602499 0.5912963857963786 -0.3078493256636865 3.310636377739288 0.5888865840599645 0.8004686786692709 0.11163735741577392 -7.89885418215048 0.31243418390737715 -0.09807566543814132 -0.9448633810869169 3.2633072415599917
-0.8117830876305445 0.5822170628966583 -0.045075310741700285 3.731421258087411 0.5766703452917512 0.7871008261727435 -0.21891555661369147 -7.9137730453787976 -0.091977906705363 -0.2037055980851019 -0.9747024329237454 2.9207044967809166
-0.7731413236016106 0.6054200258594802 0.18899552199409358 4.203142070534421 0.4520192069119884 0.7350159123395206 -0.5054014586338921 -7.998780319739518 -0.4448951980828098 -0.3053171990569394 -0.8419325295806586 2.7180890214705635
-0.6656760742777733 0.6553421037799767 0.3569346724187591 4.682539198382982 0.2578649548539752 0.6508526159592999 -0.7140707095656045 -8.112868438877543 -0.7002727016500139 -0.38329885310429884 -0.6022465483881776 2.657056681443706
-0.5318682985710658 0.7210405492576493 0.44409107783377577 5.135426562167531 0.03933013197985633 0.544884715041973 -0.8375883276518905 -8.228136142338666 -0.8459137401236175 -0.42802050962141164 -0.3181652368415743 2.718864810047179
-0.410494559019281 0.7904541339917767 0.45461713204405396 5.539190851729428 -0.1660436472713031 0.4254276016437181 -0.8896298467298893 -8.331244934926271 -0.8966183425516517 -0.4406744609481766 -0.04338550042962763 2.875548253773479
-0.3309963561346816 0.8531441079925904 0.4032205700807351 5.881906712350133 -0.33191544647558907 0.29473978901840175 -0.8960809152453203 -8.421762647013807 -0.8833313078285983 -0.43043456754917936 0.1856142398394161 3.0982978947057185
-0.31155227299298904 0.8998370864108893 0.3053336476855977 6.159258287046778 -0.44066635296589385 0.14786527403494093 -0.8854091839938298 -8.509248891112014 -0.8418722482824877 -0.41040137110199415 0.3504604832691673 3.3626150013438187
-0.35837616459423505 0.9183589154133575 0.16787980398352573 6.369790238089122 -0.47584113517643256 -0.02497284374643669 -0.879176853186513 -8.609222941255052 -0.8032074757032943 -0.3949599567122147 0.44594291418236115 3.6503062470381584
-0.46106203096269344 0.8872245962744911 -0.015952299221782214 6.508919182273321 -0.4131764154622524 -0.23055448149348096 -0.8809825608357892 -8.738390588413512 -0.7853073308533574 -0.39959623614671996 0.4728804667357811 3.9483128509608276
-0.5792431677016255 0.771986714866046 -0.26175194246596073 6.562779972640273 -0.21943983427702424 -0.4569277190803418 -0.8620114183032352 -8.906823944086947 -0.785063208829668 -0.4418751060258911 0.4340770790213065 4.245330318253298
-0.6246071274915922 0.5361528042273866 -0.5678083611983576 6.506339171246588 0.12318052115433678 -0.6503422111475392 -0.7495879270164422 -9.104387782619526 -0.7711636243269885 -0.5381405929303439 0.3401648658099339 4.528768856236669
-0.4678692222778492 0.1815288039033165 -0.8649542761714035 6.316094143683004 0.5540982152307772 -0.7021991111935146 -0.4470928920069014 -9.282855987063495 -0.6885306690514602 -0.6884504049398531 0.2279524666140386 4.787439224319881
-0.02262308921047754 -0.18928472815084987 -0.9816616679585274 6.007618043630393 0.8687447992588048 -0.4896414003890074 0.07439211655438038 -9.352503351564378 -0.49474377595218777 -0.8511304554133743 0.17551705914376112 5.02552177616019
0.5942147076485895 -0.35658051397198604 -0.72094340037903 5.681420099629778 0.7708864464885027 -0.003207013645400519 0.6369648313279808 -9.2317674920709 -0.22944139638165775 -0.9342595308261374 0.2729770843907254 5.281732938794175
0.988544996328713 -0.11779663917190697 -0.09435539822818041 5.505455690995453 0.14207967481402456 0.5154156627761715 0.8450801448642462 -8.95895659218538 -0.05091513196287405 -0.8488059499751902 0.5262478544777486 5.623867335675163
0.7472291955679652 0.44901649211487354 0.4899315866646876 5.567149746571446 -0.6506506168636167 0.6443730422190583 0.4017929798577402 -8.755977280387155 -0.13528666470564865 -0.6190057916614212 0.7736472653289895 6.088759210245667
-0.04513427393831585 0.8841014845168914 0.46511049080632483 5.7005189488153905 -0.886807534963011 0.17889627936125643 -0.42610913949728774 -8.86728923469645 -0.45993003248212116 -0.43169541674341255 0.7759537552773826 6.6078405825085795
-0.6498268613886327 0.7195772272356833 -0.24481419083047573 5.571477256260095 -0.23025964614573874 -0.49332194574118976 -0.8388172926861149 -9.234597977733582 -0.7243661272255392 -0.48871486288207067 0.4862636089538951 7.036541507244944
-0.3700301061035101 0.07426269179919648 -0.9260470135214808 5.077254469106769 0.6855364941220007 -0.6509089222750363 -0.32612537111525064 -9.440770070966941 -0.6269914574075002 -0.7555150816809683 0.18994597833685212 7.318978618387904
0.5331643998753567 -0.33366465600201634 -0.7774341920844574 4.578420460684095 0.806736463382905 -0.07622526499757963 0.5859747515340933 -9.179936698271762 -0.2547792493973686 -0.9396054796664925 0.22853855616109534 7.593518698643886
0.9977997119791293 -0.007055622160685635 0.06592657439022775 4.5089780771828645 -0.05024636970576273 0.568281436118892 0.8212989736714742 -8.724501508770448 -0.043259387446632304 -0.8228045505687057 0.56667638180772 8.040706928826689
0.44423719305463133 0.6638850563672777 0.60158980120478 4.7788897395304195 -0.8597856848022906 0.5046675452185828 0.07797267185264911 -8.649065102134886 -0.25183769716253396 -0.5518765900509983 0.79499107368239 8.630760302766697
-0.4573845342871586 0.8690174522535663 0.188701757184667 4.83716146480372 -0.6356068579558234 -0.17106424311724072 -0.752822302338566 -9.071596225329841 -0.6219356221638647 -0.4642691541298988 0.6305957632657618 9.13498436932659
-0.6286688450697061 0.4003426046956198 -0.6667095193078979 4.384342407755974 0.3360534497356587 -0.6332844535386537 -0.6971508641296897 -9.467336009798867 -0.7013161735776035 -0.6623268967749577 0.2635896187178238 9.417011199515947
0.09359471683168355 -0.15029812819231939 -0.9842006065506386 3.759685825482749 0.9117913914640826 -0.38406696865350665 0.14535998854435123 -9.339075597949067 -0.39984637836186004 -0.9109905359932029 0.1010936252462951 9.60592749339748
0.8674795881825232 -0.18654147072937133 -0.46117435705282617 3.5004162030738613 0.49454627509590143 0.22295873800113136 0.8400678196763687 -8.818720020722775 -0.05388447787474454 -0.956813805903613 0.28566529668122115 9.925374832483055
0.911572549589002 0.24621073594517917 0.3292661257310912 3.7173488719305134 -0.4111199776794329 0.5380094314814003 0.7358850792415134 -8.455364963217558 0.004034831907690468 -0.8061804847596084 0.5916567345783106 10.430890635235105
0.2681151591672681 0.6737408560818401 0.688613116788513 4.048400731344626 -0.9368177069499222 0.3490455577244873 0.023247896219148557 -8.58597688110352 -0.22469404792724898 -0.6513378878541549 0.7247568919329705 10.978223814955529
-0.46043221537560286 0.7734387916139676 0.4356548025602783 4.094255588950272 -0.7357671495635533 -0.057938440107012504 -0.674752184137958 -9.071986830350301 -0.49663832809602554 -0.6312178542310589 0.5957477622883491 11.398240470791558
-0.7905294411291875 0.597828348821875 -0.1329095109964923 3.7513559472065774 -0.09205519162074391 -0.33055086186707455 -0.9392883596770707 -9.54540969390283 -0.6054667146907463 -0.7302998364129839 0.3163434854578238 11.639043041935876
-0.6660752187474512 0.37692063140396304 -0.643642095470922 3.1808704812529953 0.5357380917048884 -0.3586438477184521 -0.7644344154596514 -9.746778185693914 -0.5189695750862446 -0.8539942034242871 0.036952988123808005 11.758991475136714
-0.305079978569101 0.27038699507527997 -0.9131361545360218 2.600725458877021 0.8955252023972055 -0.2447431973295857 -0.3716666336290503 -9.636406021242538 -0.3239778444723724 -0.9311243057388672 -0.1674722736419679 11.84165578233007
0.06370727219443206 0.29773305412026796 -0.9525213639657207 2.1444072556532427 0.9907109167454033 -0.13377196938052055 0.024447864128216302 -9.309448712088093 -0.12014183070195016 -0.9452306340076024 -0.3034898286699794 11.934196538154277
0.32681545642991844 0.4002483616432506 -0.8561503622222055 1.8457812376184313 0.9445487517085337 -0.10771422535282543 0.31020326298283074 -8.881214359156404 0.03193872201158864 -0.910054731020327 -0.41325696920304583 12.03717028224938
0.47386109084283795 0.5140159648686285 -0.7150131858495189 1.6844115855815027 0.8743285504185853 -0.17789552535921113 0.45155684607962837 -8.43337279768739 0.10490976268075303 -0.8391313449858823 -0.5337167663930965 12.121814608881225
0.5397437508848197 0.6017360153658685 -0.5887198133697765 1.6269913172980672 0.8379089878404791 -0.3165921948527205 0.44461074106857323 -8.015874195857856 0.08115420966032236 -0.7332691598485601 -0.6750787761484823 12.15059821530227
0.5598194554416814 0.6528882703359608 -0.510234819184463 1.6445645718493627 0.8266310380430011 -0.4826269590207575 0.2894012368008003 -7.668103796596115 -0.057306367337353975 -0.5837880684704491 -0.809881725961138 12.094292526516856
0.5487612260667523 0.67410642299717 -0.4944109060079886 1.7127523765820338 0.7751272233837131 -0.6318048071647752 -0.001100287926706488 -7.432935193031788 -0.3131128234141117 -0.3826272273031951 -0.8692282301174398 11.94700711961686
0.49750760002464306 0.681079955331955 -0.5372306281753197 1.8075125781198935 0.5889979758748247 -0.719891570032907 -0.36720323787983167 -7.354584254518986 -0.6368424402360928 -0.1337410409495262 -0.7593062423457193 11.738982274156948
0.38637585129811153 0.6933591597514045 -0.6082493462273427 1.9047397644624466 0.20580022624972147 -0.7076448973348142 -0.6759331968632862 -7.460270276933825 -0.8990888023798903 0.13598669762753304 -0.4161104198768245 11.544209416345645
0.21208288163349112 0.728806460993266 -0.6510472004083777 1.9880732809029509 -0.3245356380110108 -0.5758685532759453 -0.7503683994145957 -7.726316253716413 -0.9217907044634491 0.37042858011848445 0.11439168789960277 11.473863402185724
0.012318244915533414 0.7948533895353276 -0.6066768345521665 2.064804719863584 -0.8078095284435812 -0.3496675222429597 -0.4745282879510129 -8.040583915456919 -0.589315413926238 0.49592489703752235 0.6377826336346438 11.633010786035296
-0.1386268334306863 0.8801425815932333 -0.454017801189603 2.1775995762825286 -0.9899229704777635 -0.10976445813950297 0.089470996583723 -8.209352497460912 0.028912270720359783 0.46184593282395225 0.8864893465286394 12.028981686574387
-0.17087033267570537 0.9566843079047971 -0.23570954204463562 2.3883362076918946 -0.7272361443433144 0.038951686365405754 0.6852817720505804 -8.064157395773798 0.6647794991233152 0.28851108509407025 0.6890794456515221 12.492141312773379
