1 0 0 0 0 1 0 0 0 0 1 0
0.9999052883143946 0.0014685322255155253 0.013681893529317101 0.02342039905488491 -0.0014186190787678632 0.9999922999730081 -0.0036571054325839126 -0.02263811230659485 -0.013687158934772015 0.0036373497165999025 0.9998996860027631 0.21519158780574799
0.9995610654617847 0.0017390519272833568 0.0295742848862353 0.04567841544691542 -0.0017129593049545783 0.9999980992235067 -0.0009075879409704864 -0.04286906413787274 -0.029575808384765784 0.0008565298866080306 0.9995621529649866 0.47854979477965687
0.9991197152267015 0.0012431126000766615 0.041931235154158655 0.06602589227845738 -0.0014054356037383512 0.9999915720723949 0.0038419122699164367 -0.06126697181745733 -0.04192610958895562 -0.003897462291290103 0.9991130817929671 0.7817725220149351
0.998843994139751 0.0012997630603454127 0.04805284242512191 0.08206372864643953 -0.0016645844021121643 0.9999700682571401 0.007552846585839898 -0.07752371029771646 -0.04804158998485652 -0.007624103538348403 0.9988162450146747 1.1188297237776519
0.9988865535005235 0.0033405084254661895 0.04705930904526914 0.09027503308709137 -0.003718014364717157 0.9999615597208558 0.007936671797668606 -0.09162831829393385 -0.04703098911168008 -0.008102801721920669 0.9988606042128826 1.484215319105134
0.9991868057202721 0.008619103125576006 0.03938946397069742 0.08676734674745323 -0.008753066557934397 0.9999564464442379 0.003229814160661604 -0.10445529280434278 -0.039359910593898845 -0.0035719656872800405 0.9992187758784742 1.8725811740380727
0.9994838700101789 0.018165702539518446 0.026497547755452256 0.06806612751889689 -0.01796185420726058 0.9998073299441421 -0.007910933868101313 -0.11795170916183957 -0.026636151149674554 0.007430906785334276 0.9996176243531385 2.2786379287634477
0.99940204182387 0.032886863258319216 0.010682125556079364 0.03180732081517913 -0.032594066477729736 0.9991168330789221 -0.026515604316397205 -0.13507494649580296 -0.011544706388958081 0.026151577425401525 0.9995913824894014 2.6972949237119974
0.9985446657888966 0.05369170039467693 -0.005092117629894018 -0.022727610505892865 -0.053887387199671656 0.9971163267095112 -0.05343316340577666 -0.15958837637444162 0.0022085164307752564 0.05362980293148095 0.9985584987014098 3.123774150203983
0.99650657413027 0.08169250370541853 -0.017353654560373886 -0.09429762791868326 -0.08292540496374 0.9925249189995341 -0.08954074994825541 -0.1958831967899345 0.00990912711399297 0.090667007098826 0.9958320050973559 3.5537491994421297
0.9927186281185757 0.11836361257060685 -0.02235849044261382 -0.17957928147852797 -0.12031225134036595 0.9833879815643221 -0.1359150370173826 -0.24890214550582423 0.005899676481613922 0.13761539549301638 0.9904681983019509 3.983640480724556
0.9860436476306663 0.1656794387599791 -0.016379680460385057 -0.27331816149200916 -0.16568568710430195 0.9668943609477215 -0.19407064376562674 -0.3241707921422735 -0.01631609484856608 0.1940760203166357 0.9808508255375048 4.410484905399801
0.97407612941116 0.2261872806192669 0.0038732360435897017 -0.368672173598019 -0.21703050832958762 0.9391989639487425 -0.2660880220341007 -0.42803178618731724 -0.06382347434632615 0.25834940532707534 0.9639409427294424 4.8315583407932605
0.9521778451994212 0.3028423437083015 0.040544882773806475 -0.45775687255023734 -0.26967610798302577 0.8953504627404831 -0.35443217380092734 -0.5679378885369879 -0.14363896077704597 0.32654850460961904 0.9342023223658567 5.2434468867454775
0.9124300851699676 0.3984238794357358 0.0934329690276138 -0.5325101215537916 -0.31499433335936083 0.8295163940843573 -0.4611734425002831 -0.7525923110375112 -0.26124670649776277 0.39135771565050465 0.8823771070826001 5.640424784828543
0.8429888377492957 0.5142120098701497 0.15797379544629442 -0.5861019391776325 -0.3390502459020582 0.7358903067795168 -0.5860973739019981 -0.9916352234536926 -0.41762975146468695 0.44051256712200315 0.794691166238113 6.012296985784274
0.7288984005818626 0.647476374980568 0.22244411535379965 -0.6153791731172514 -0.32186711220973774 0.6108581375391621 -0.7233627335119142 -1.2939468698165504 -0.6042421913406218 0.4556605571227541 0.6536549815932543 6.341981249894876
0.5560350890366802 0.7877796079583395 0.2650059032972404 -0.624638455497061 -0.2391655447970218 0.4570023010303421 -0.8567079109241177 -1.6639595753881093 -0.7960054833073965 0.4129794425505565 0.4425191612051967 6.604036116690882
0.3199924983289228 0.9130224757231732 0.2529716819089772 -0.6304708025035209 -0.06943269725065343 0.28889266527032365 -0.9548402347150073 -2.095778064158462 -0.9448723959408701 0.28797725255976525 0.15583714636051949 6.766738583948574
0.03992068963230515 0.9880598806540658 0.14880831985948811 -0.6658682825726614 0.19142191431683248 0.13860611480553034 -0.9716716163036422 -2.565705949470963 -0.9806955956774123 0.06727499765862156 -0.18360305996098641 6.8006100257830955
-0.22788989082284863 0.9709938623694575 -0.07236724184327639 -0.779033011811643 0.5098447130854704 0.0556789366506714 -0.858462539607308 -3.0266759487844808 -0.829532664161545 -0.2325309981947296 -0.5077447888407516 6.6960282112620835
-0.38998390031465535 0.8320804926645299 -0.3944039797202597 -1.020694725012711 0.7997747634632257 0.09379698650011178 -0.5929267389577357 -3.4135624013304513 -0.456368966077053 -0.5466663072019113 -0.7020563760073459 6.486653908699247
-0.3460878265385981 0.5832171329357724 -0.7349019934581698 -1.4167743261999144 0.9349101738701803 0.2799440798572783 -0.21811461201882043 -3.6659083892840174 0.07852323813479878 -0.7625542707574521 -0.6421409245160724 6.2649116717788225
-0.05387097770071647 0.3013971844172509 -0.951975656834763 -1.9351026716354771 0.8058035215875238 0.5761616069669472 0.1368144669023472 -3.7678781390737295 0.5897273124113062 -0.7597351302974953 -0.273905344049933 6.16634456536792
0.4026057765757667 0.11695603472221751 -0.9078710908142547 -2.4718207301188793 0.40920836055663323 0.864186584692686 0.29279649923480566 -3.7843018722421937 0.818814381465573 -0.4893900986089309 0.3000671209225096 6.3067723846794195
0.8055575980552397 0.14807690364417553 -0.5737161152024421 -2.8873869271986186 -0.09194489416471119 0.9877795166302108 0.12584693146939527 -3.8546058018277263 0.5853401175690507 -0.0486267577843783 0.8093282713961877 6.692883306857998
0.9075919610528496 0.40768456002204084 -0.10035026541048624 -3.092315624486264 -0.4176641515625131 0.8523155627111575 -0.314824664217376 -4.120643316217787 -0.0428190270411139 0.3276450076092238 0.9438300883610277 7.17371730714514
0.6093889390011543 0.7577298422421717 0.23343239104378005 -3.129348479994805 -0.34347576769138377 0.5176435566951209 -0.7836257450176752 -4.619507266475489 -0.7146113994967883 0.39735448654789707 0.5757081992461692 7.50368077686867
0.07426074838209538 0.9768812165034516 0.20047063074856242 -3.1719196102331337 0.11275413651056705 0.19151157854068135 -0.9749921000396371 -5.2275766512229245 -0.9908440014939419 0.09500753842661039 -0.09592551550629234 7.508626441965826
-0.34954494310945794 0.9168691667688388 -0.1927932920551942 -3.4108241209895547 0.6601455182018442 0.09499614237349291 -0.7451062395343873 -5.726679176738601 -0.6648504724015385 -0.3877197902847914 -0.6384724690646869 7.2350222439902385
-0.3736850376440872 0.6231210305654964 -0.6870805359783785 -3.9057607382460096 0.925927596383889 0.2944638488486717 -0.23653506720005224 -5.962099429186884 0.05493028752314861 -0.7245765321555854 -0.6870017366297797 6.940042542229168
0.01226409059632484 0.305350485988987 -0.9521610513802199 -4.529751981728603 0.7302845451437514 0.6477198363914753 0.21712490974134277 -5.96433700064877 0.6830327741568699 -0.6980114584022947 -0.21504910435587576 6.90670922967507
0.5388055746193823 0.17566168857011338 -0.8239123588786312 -5.061437298984012 0.21248926820328448 0.9180569076735148 0.3346932316827511 -5.926687228727523 0.8151912441880476 -0.3554072190974014 0.4573279327242053 7.232809173894212
0.8670870967868584 0.29700669355341486 -0.3999337701981736 -5.3457751703023275 -0.29263456312035707 0.9533897610871656 0.07357104373939544 -6.058967753184721 0.40314391099497926 0.053241856245012716 0.9135864264099064 7.770324620640655
0.8225446888298903 0.5650984730954197 0.06390625049138013 -5.389297497779868 -0.5037127953460576 0.7760987028396643 -0.3793994578630807 -6.44529739897979 -0.2639955712571838 0.27988255206209306 0.9230232684376929 8.24983139721071
0.47025255071058847 0.8137015662855848 0.34169053647791864 -5.328482016157641 -0.35732503899555745 0.5295652383625177 -0.7693368964785096 -7.012399253388978 -0.8069580187583039 0.23968801262898654 0.5397854067846385 8.465686314239255
0.015271737032048371 0.9341641177485244 0.35651696382305953 -5.323070222240886 0.011413842353852276 0.3563723136532942 -0.9342742118959663 -7.6052728654952535 -0.9998181717092929 0.018337196666719898 -0.005219909801992969 8.376098845289988
-0.35220268548965733 0.919924181970577 0.1723164668227397 -5.4676404136309324 0.40389534720886205 0.3154809375297122 -0.8586851354030525 -8.088057563415722 -0.8442877781981484 -0.23283338976446297 -0.482666245274491 8.076309601619998
-0.5470251301668558 0.8323600693837999 -0.08910879594435676 -5.7700911435093 0.6811362028568656 0.38068813451357975 -0.6254037165690245 -8.39785766474116 -0.48663842632010323 -0.40280679672096315 -0.7751964976043644 7.706136907825481
-0.5860169702355872 0.74223849498058 -0.3250633921754415 -6.1819956720345255 0.8050666045759733 0.4878139093917722 -0.33749832328802054 -8.539206568643653 -0.09193381627912486 -0.45947743052766093 -0.8834186438882267 7.37235243436262
-0.5353831187043909 0.69303105280264 -0.4827762604025124 -6.6402666848495935 0.8118771403267357 0.5798605718797871 -0.06794829997129584 -8.549284778050158 0.23285263910796974 -0.4283333747134774 -0.8731036476650152 7.120822500610003
-0.46067582559647197 0.6955653600965244 -0.5513317247816727 -7.092787983535712 0.7654372288218165 0.6257988125423827 0.1499380946138087 -8.466538522588833 0.449314469290063 -0.35293697049113815 -0.8207020368962917 6.947180592605988
-0.40171238332493164 0.739787765920061 -0.5397603270436807 -7.503727039656007 0.7240059306660237 0.6174768659835093 0.30746935245034623 -8.31681386963517 0.5607515926159102 -0.26727543772954826 -0.7836588903206472 6.8198537080991075
-0.3683725903689057 0.8078818711559528 -0.46003107166998825 -7.847290208568346 0.7260877213432614 0.5590403130506513 0.40033774625134266 -8.115329870786564 0.5806015188315269 -0.18654944985575017 -0.7925282512862769 6.698425524445852
-0.3454204247562068 0.881535229046977 -0.32183901126869463 -8.099555189746802 0.7856204665869606 0.4592154888178419 0.41463394339738024 -7.877556265552847 0.5133079077333611 -0.10962026566481053 -0.8511745832717464 6.54418951008542
-0.2998835260285443 0.9438699903699466 -0.1384891218680216 -8.234550022842207 0.8866207729214505 0.3293380616766252 0.3247148217474728 -7.632841140560474 0.3520983308842111 -0.02541067671539325 -0.9356178872214775 6.327755693603012
-0.1928610417248581 0.9793347065954195 0.06089365547679052 -8.228423931806853 0.976762418397508 0.1857010004189751 0.10700414017467487 -7.435002809552872 0.09348483817832133 0.08011560850586592 -0.9923919579704412 6.040049768036343
-0.0003976570755417941 0.9749093811341627 0.22260149262275628 -8.073816000297994 0.9716258379338473 0.05302671475956005 -0.23050149556852595 -7.36116816960304 -0.2365219521400457 0.21619376977588006 -0.9472683567050291 5.7092403758026835
0.26036359277867777 0.9249152449439215 0.27702433696838824 -7.801634493505855 0.7856745180816993 -0.036194086729415036 -0.6175800143031613 -7.486458988146249 -0.561182607382508 0.37844640883164554 -0.7361060622132459 5.415909671388267
0.517805030375793 0.8381317862353381 0.17150205430001675 -7.495851678095222 0.388491922292334 -0.051760113066498026 -0.9199969908931648 -7.829965295459451 -0.7622018782605681 0.5430063314240826 -0.3524091062187931 5.284441541461117
0.6662337531279098 0.740586130005659 -0.0875478894160126 -7.275650688791416 -0.14745476255050288 0.015743394730220562 -0.9889432797196749 -8.298566222336534 -0.731019475138755 0.6717768523483765 0.11969175765778625 5.428783338541744
0.618831763205906 0.666509988289399 -0.4157061078129329 -7.233623353312671 -0.652536460671936 0.14156064139883132 -0.7444168245389362 -8.688037755244057 -0.43731365988764426 0.7319322304366187 0.5225243664376821 5.867071264174001
0.36258132693743084 0.6397873711392853 -0.6776480020289899 -7.364022983303552 -0.9313528404613177 0.27482189928012546 -0.23886074523494022 -8.778581934249571 0.03341244749985495 0.7177359054589539 0.695513164436713 6.471258513522953
-0.0223015743080097 0.6599033072119332 -0.7510194083732366 -7.544623195558836 -0.8626082310713887 0.36703810364727596 0.34812315426759727 -8.475228112395934 0.5053804507841086 0.655599275846695 0.561052542971627 7.014301093927235
-0.3941672371087579 0.7047798554591357 -0.5898452268339692 -7.6009055149012 -0.4666997149369601 0.39939697598711077 0.7890963597038313 -7.882563067991778 0.7917217516722215 0.5863165946636077 0.17149132675557105 7.297738613137225
-0.6155338468392895 0.7479827687807289 -0.24827348495176743 -7.409088728115159 0.10057896190471803 0.38700269413070976 0.9165764745060833 -7.248858012659866 0.7816660296089267 0.5392127937144496 -0.31344469114709717 7.26605995115296
-0.6138567093248067 0.7754489822315852 0.14784656356417217 -6.962625791963835 0.6219257436062104 0.35970852641991946 0.6955700748434872 -6.824476876532184 0.48619746085367216 0.5189300133700171 -0.7030813391233444 7.026678761139668
-0.4059317203053368 0.7895429999270943 0.46026207170501937 -6.363895425404124 0.9136248702179631 0.33815818000817804 0.22569505272903542 -6.737741508462406 0.022554515639653695 0.5121237320825394 -0.8586153688748731 6.775505316323587
-0.08014412028799885 0.8006970381406253 0.593684214418194 -5.761522965450251 0.8921756427988242 0.32323333661119175 -0.31550334146000175 -6.956783395242126 -0.44452127623517423 0.5043849465785614 -0.7402677587058525 6.691389772574858
0.24648128275143982 0.8157158421442373 0.5233110463800046 -5.280443982043215 0.588901720874598 0.3027849086314458 -0.7493434695787827 -7.335164214138375 -0.7697021983688132 0.49287799126902665 -0.40574565688232095 6.863097395197432
0.4729031904614683 0.8319360395897754 0.2902496391413586 -4.980750029508236 0.11892096101849607 0.2661341130160195 -0.9565720563053415 -7.693970768051344 -0.873052228256091 0.48688278853189115 0.026921121349124433 7.274857325445831
0.5433697747804003 0.8391419193028534 -0.02429070080111758 -4.852680168682646 -0.3718996548332984 0.21467388301916185 -0.9031088023083623 -7.893252456985675 -0.7526219222376767 0.49975575662425753 0.4287240248734432 7.835650182646846
0.45440347279664367 0.8266689607271709 -0.33186711944168623 -4.839111971100004 -0.7575228592171193 0.1625822755900511 -0.6322387562331069 -7.866817166298931 -0.4686964340139036 0.538688451680903 0.7000987308255991 8.428035698170712
0.24414671124388962 0.7896758710936427 -0.5628536683530234 -4.865844070202249 -0.9632126151560244 0.13025417394068586 -0.23506388083918206 -7.623012702337494 -0.11231016268852555 0.5995378741930144 0.792427013300772 8.949547172186762
-0.02827491304835524 0.7320151799825104 -0.6807012157335036 -4.868104884537592 -0.9735470556984234 0.13429242832325128 0.18485511484481754 -7.220318412556718 0.22672989674084518 0.6679214595218363 0.7088542107632043 9.336097793703892
-0.3034867480673801 0.6643235737662974 -0.6830591608161813 -4.8047832499651575 -0.8214464863513482 0.18084043093270616 0.5408531920858074 -6.737133751584516 0.48282640335354177 0.7252383400012341 0.490823623499487 9.565806231519876
-0.5369025719042493 0.5993850868604194 -0.5936943819087416 -4.661080340722401 -0.5673739164708013 0.2642696257793991 0.779902693603743 -6.246685238945446 0.6243575708065566 0.7555784755992994 0.1981883920945362 9.649515448027685
-0.7056246537552721 0.547192057659621 -0.4501939914173423 -4.443363031616589 -0.2777842115832134 0.3708677041779825 0.8861675701385902 -5.802738083475395 0.6518663722468345 0.7503584228558723 -0.10969215252485714 9.616108857634073
-0.8080692036845132 0.511514026914631 -0.2921942370036461 -4.170528248027579 -0.009072061191201587 0.485146980986364 0.8743854628967791 -5.435962354254903 0.5890176778139194 0.7092147335000418 -0.3873919417118631 9.498997337424534
-0.8586450935233163 0.4892685039242735 -0.15279033102266976 -3.8668404831275986 0.20084826823314741 0.5954089720153225 0.7779125749953013 -5.156417667518322 0.4715809305416932 0.6372630942117384 -0.609513816573651 9.327155777398493
-0.8802895568812397 0.4712259095418835 -0.055102600667770577 -3.5562561034579123 0.33311797962302353 0.6965972343498734 0.6354403937682628 -4.959740835595926 0.3378203478718949 0.5410158479069789 -0.7701812248292897 9.12040647995624
-0.8963146273264361 0.4432219828475804 -0.013197553779102117 -3.2600614819085325 0.3832405995688751 0.7893003398067554 0.47972011985827173 -4.833339047769698 0.2230393631532882 0.4249222713818435 -0.8773222659650618 8.88824372143782
-0.921671152178948 0.3863059391576213 -0.03591350172932938 -2.9969251826325616 0.35404617362771734 0.8753213421885755 0.329338198129473 -4.762457039070299 0.15866116973300734 0.29082641217014127 -0.9435287523116687 8.631110357250247
-0.952341794602863 0.2760842335530911 -0.12970097802177943 -2.784904307378379 0.2505952107121461 0.9505657801022332 0.1833752033569872 -4.736161248152712 0.1739163515984381 0.14213332802115672 -0.9744490982738572 8.344635397832704
-0.9522087551337783 0.0857568318954938 -0.2931620711721526 -2.644048932791241 0.0836468704168792 0.9962995760971739 0.019750917387974038 -4.753127879768789 0.2937711040614214 -0.005715201205178917 -0.9558585861826866 8.026484606273355
-0.8455728062297025 -0.1983290290546349 -0.49565312391493993 -2.5944101598667078 -0.11291561837354114 0.9738692869956228 -0.19704942920927793 -4.827545437097083 0.5217820792402256 -0.11065276063435447 -0.8458718743190546 7.6876526881009095
-0.5415739395590408 -0.5408057654617799 -0.6436043129446414 -2.6414984729951256 -0.2565857077709025 0.8354072450446706 -0.48606403443967844 -4.990844664510983 0.8005380995190153 -0.09810002214167031 -0.5911978391842223 7.364670000877809
-0.02258725354720845 -0.8170177343840398 -0.5761697139118371 -2.7447519140688232 -0.21797905395992692 0.5664758587991795 -0.794726336857293 -5.2774095267722325 0.9756919004315319 0.1076422378127209 -0.1908878261362433 7.119793712048678
0.5312584257251617 -0.8312507810856644 -0.16366527799781 -2.7920427690662777 0.09574001869394098 0.2508487224126283 -0.9632800797805635 -5.683574368404892 0.8417826102490015 0.4960814106405733 0.21284957347660013 7.004086408089556
0.7388031040691251 -0.4638299203760094 0.4889084349439143 -2.6416675321108327 0.5866195640475179 0.08550737182582896 -0.8053357771648472 -6.121302260002542 0.3317335253989897 0.8817879178561887 0.3352649097963317 6.980812217367466
0.3096849514491009 0.11467135226950004 0.9438990403362101 -2.2664913993242615 0.9104408515784163 0.2505236294691772 -0.3291429274929453 -6.4413870099655295 -0.27421236648803415 0.9612949916290252 -0.026818102376596552 6.884683431317892
-0.5211237595359164 0.43462992919665117 0.7345247373194634 -1.8764590263315597 0.7269761933862305 0.6769266224584523 0.115220109441925 -6.575755332122547 -0.4471413076962827 0.5940259655924496 -0.6687282813399975 6.537624520486207
-0.9894369804594796 0.13502828520936339 -0.05273977003781161 -1.7810909279309046 0.1307448698673695 0.9883717492357423 0.0776320399026724 -6.674474762611353 0.06260908887251106 0.06991653185573588 -0.9955859715127163 5.982854305582791
-0.544603866048744 -0.5377717893206446 -0.6435897505898158 -2.0106535035420547 -0.2848000929692601 0.8403539539677877 -0.4611873604351239 -6.998768315255138 0.7888569340045836 -0.06786999773766167 -0.6108175092060317 5.534899335151683
0.3837328782142683 -0.8545093916536505 -0.35008916932863343 -2.170518410888593 -0.031028837949095295 0.3669670040526292 -0.9297161312456386 -7.591594454636365 0.9229224381071449 0.36762564300808853 0.11430295610608406 5.444108957971877
0.7279114610216986 -0.4324373412096875 0.5321114031319713 -1.8766823934396095 0.628378055844949 0.11017141716816514 -0.7700668525350464 -8.150651760444521 0.2743821393854847 0.8949077808842664 0.35192919455029703 5.5304249442481
0.05952431237125637 0.23395269515408101 0.9704239434359658 -1.2943824253526457 0.912899940118269 0.38051147639086713 -0.14773070713281877 -8.374595374714708 -0.403819541994132 0.8946936563327138 -0.19092585111526394 5.349614668815038
-0.826073249894242 0.3510335176544126 0.4408832560589178 -0.9876709060990925 0.47540839156035153 0.854169424791808 0.21066818756747951 -8.371619251937974 -0.3026373815368128 0.3836269958217624 -0.8724910061100256 4.7679121485542595
-0.8811964009486646 -0.19086796539348774 -0.43250663408551615 -1.2006562900359308 -0.1646797118321269 0.9815039632566604 -0.09762282076002482 -8.542861338061726 0.4431402095939404 -0.014799809193902657 -0.8963299752410818 4.164807527215813
-0.06947022553539828 -0.73774467463136 -0.6714955826924829 -1.5418025552788208 -0.28103476193455235 0.6603322727163305 -0.6964053225962066 -9.07378456168682 0.9571797540742827 0.14033424764272492 -0.25320531094240467 3.9598074241677343
0.6901139151354602 -0.7202846738934182 -0.07023090386263223 -1.4804603281849305 0.21071589140928412 0.29282774232875025 -0.932657659838531 -9.716786007143117 0.6923446706414008 0.6288414805179339 0.3538600314671126 4.10601253368443
0.6514689773810651 -0.2516156620486279 0.7157355141200941 -0.9565822640614067 0.75800691132125 0.25545308335985895 -0.6001406646569254 -10.107688688732063 -0.03183213639651426 0.9335057625414377 0.3571461899103182 4.186081092376796
-0.05246296656266207 0.15671651274092793 0.9862490378062125 -0.37381959956692234 0.8500115488998468 0.5253718770707584 -0.03826652303603316 -10.15671566666391 -0.5241446453724251 0.8363156934663797 -0.16077355880155572 3.8967436778389963
-0.761051148203703 0.1965290507847333 0.6182046529503689 -0.1312456040390935 0.4699626442439496 0.8239453375131258 0.31662074000151325 -10.073870124207046 -0.44714171454670565 0.5314978251646173 -0.7194261227276862 3.305980261109217
-0.9985034901564209 -0.04238577501288738 -0.034550336641659955 -0.30033823377285845 -0.05097252540359126 0.9502150869366821 0.3073964962146223 -10.115768166200553 0.019801091435876144 0.3086977252039001 -0.9509538326224378 2.6978017886327788
-0.7549029440607021 -0.30522415397966013 -0.5804818896782267 -0.6865724793061034 -0.4115889545607818 0.9095856499946632 0.05699095756814594 -10.38695820738243 0.5106031712397208 0.28194272108836343 -0.8122759754591136 2.2991863525227823
-0.29016860400152367 -0.43093403289754895 -0.8544574251296273 -1.0587377266944675 -0.5276915681443491 0.8169126132736073 -0.2327979146084525 -10.835984509076853 0.7983378412206842 0.38333951375661324 -0.464442741113581 2.1664154796725863
0.1496287123829132 -0.4111593009953984 -0.8991989721422491 -1.2920693930669458 -0.4767921190814716 0.7667075169212181 -0.42991675122770867 -11.353139965545244 0.8661870721350651 0.4930590818594237 -0.08131601829121657 2.2387029319351486
0.4522061408793136 -0.31331622211037063 -0.8350700768330712 -1.3746594016477076 -0.3698358732686154 0.7861149369416234 -0.4952214255984993 -11.847122858616746 0.8116221174811917 0.532781273389466 0.23961053748585254 2.431901454462461
0.6104693908624358 -0.20035012888323936 -0.7662809151232258 -1.3536155114156474 -0.2743048089371625 0.8541241229365447 -0.4418465465496929 -12.264069278388373 0.7430231264350362 0.47992853653247786 0.46645981417526317 2.6890262538472203
0.6523654066266614 -0.09972021810221744 -0.7513153363567638 -1.2888147637404195 -0.20032148181201972 0.9333663832823703 -0.2978221265500926 -12.573984347974054 0.7309514227438053 0.3447936223612888 0.58892008645331 2.9820832617688566
0.5943297660591398 -0.007970176864685012 -0.804181650053782 -1.2313979143602907 -0.11637160175116935 0.9885742945632915 -0.09580207026604867 -12.75577885748612 0.7957569180377206 0.15052202263681205 0.586611927915149 3.2912392238378088
0.43202951016046415 0.09391775974503655 -0.8969556999447127 -1.2164068337648313 0.025558326546286512 0.9928881738105052 0.11627300639618923 -12.794754844175772 0.9014969185964403 -0.0731580315257482 0.42655688352283777 3.583844067098093
0.16303557305853392 0.22641054087357487 -0.9602901804283399 -1.2574759049666988 0.2553639239649945 0.930462352054122 0.26273292299024437 -12.69193710220039 0.9529995548009192 -0.28805833776440076 0.09388162456353293 3.805067336609119
-0.17225136593078116 0.3995165871486121 -0.9003973991430223 -1.3382336536640511 0.542892598165914 0.8012117933110525 0.25164817372530596 -12.479010871821908 0.8219469278195121 -0.4454724793196432 -0.35490429518516803 3.884804198564437
-0.46426532292804307 0.6009566320509788 -0.6506215035789723 -1.4015953677612192 0.776793063484806 0.6291826589352462 0.02685642513021644 -12.23130463684905 0.4254996120545102 -0.4929299663429558 -0.7589266668553448 3.7660926644261923
-0.5653864333794092 0.7891680385359494 -0.23989887443235036 -1.3519261814979329 0.8061477142805693 0.46714961880934674 -0.36317575556040027 -12.062119702239654 -0.1745378726540678 -0.39872879671207895 -0.9003062879944315 3.460762423606908
-0.3834716698078486 0.9053020640746445 0.18269419672754542 -1.097911221109047 0.5445743723550106 0.38141476286054665 -0.7469679516323599 -12.071404770482781 -0.7459139265457011 -0.18695066520717188 -0.639266324688932 3.1060930370084603
0.02906894577717351 0.9094202559620972 0.4148606048007693 -0.6379707093768043 0.06166872847759935 0.4126137615732188 -0.9088159442816728 -12.253411957299425 -0.997673062245115 0.052002107428685024 -0.044088722389353005 2.9427927797068976
0.47589403979511147 0.8159176559200475 0.32833341064835664 -0.11662371866346466 -0.42646319486538775 0.5405677550803174 -0.7252001557328759 -12.444323782850788 -0.7691903457770962 0.20509624230409515 0.6052118344747529 3.160518046046099
0.7216015089367962 0.6913484282031912 -0.03644506974799082 0.24077764545128438 -0.675166627889216 0.6911167627624941 -0.2578900814251897 -12.403940609820184 -0.1531043329605803 0.21070032758874727 0.9654864567779519 3.7087175220871416
0.6300159804214641 0.6101400120722521 -0.4804254245841847 0.2971403509747422 -0.5568375870519637 0.7861385357925287 0.26817472745267273 -12.000581082108106 0.5413050509906068 0.09856453214537768 0.835029035608919 4.272919926019924
0.24431591379127496 0.605515570715701 -0.7574035311474846 0.12844870672391706 -0.1374276091309124 0.7948108914547136 0.5910912072861809 -11.33568430359764 0.9599077170868064 -0.040324906300521005 0.2773997769032555 4.486117979075916
-0.2402274172171286 0.656446395562059 -0.7151002876305149 -0.020709148377366926 0.3627129819254105 0.7440153921549371 0.561141638376566 -10.682582409746505 0.9004053440440896 -0.12457466149048328 -0.41683447114798167 4.203338410843271
-0.5894830910235094 0.715885667795917 -0.37418835158630065 0.08592969459411404 0.6950042384153211 0.6855664675148405 0.21671942514371367 -10.291642346303625 0.4116776024641584 -0.1323101786449363 -0.9016735646188743 3.599752755047592
-0.654064283744303 0.7499224604803632 0.09907478954376552 0.5217831684570267 0.7119152389546024 0.6545355191412584 -0.25447908232150573 -10.231090104603965 -0.2556873921192977 -0.0959129499627891 -0.9619898032775799 3.028285202412712
-0.4299804781278991 0.7556131922683467 0.49413062026497834 1.1751377300661705 0.4243194470976881 0.6522255631388664 -0.6281357028542832 -10.373873338222355 -0.7969123248505444 -0.060416974001697474 -0.6010659330551762 2.784029571715647
-0.037148439860070596 0.7508272820629509 0.6594527556733618 1.8420307904707542 -0.028827339107657293 0.6588285264067821 -0.7517403628389784 -10.503971562247045 -0.9988937361341227 -0.04693636009212952 -0.0028302967603571747 2.953750124984609
0.3532052218710865 0.7527254930222393 0.5555627217473018 2.3454080258342715 -0.4621808842074306 0.6567050499115679 -0.5959252516670597 -10.443289442919419 -0.8134093235202389 -0.046286670593045455 0.5798469870379775 3.4169366181795193
0.5958709266445078 0.7637586842204963 0.24821382984918774 2.60869928501425 -0.725625124924677 0.6444716049958948 -0.24108956061757073 -10.125267513489323 -0.3441012878973008 -0.036452043144440616 0.9382245685718344 3.9468429627166297
0.6199884950651844 0.7724156184823227 -0.1377967755803115 2.6627974476449334 -0.7523516222987159 0.6350989789508146 0.1749740792406626 -9.59667144325543 0.22266717525964483 -0.004810396432098874 0.9748825290658728 4.33103689885973
0.4376703456745112 0.7639028160397144 -0.4742328063187696 2.6061677592237564 -0.5641865381241157 0.644000438734348 0.51667844117154 -8.97147501163381 0.700098295980353 0.04142084056124263 0.7128439170055615 4.4489184254847824
0.12157143567587418 0.7312182308606573 -0.6712226786403834 2.5516190349447307 -0.24451105278749652 0.6774615965276803 0.6937288818630383 -8.373621342740407 0.9619950006683649 0.07978367491720292 0.26115120402477743 4.29003990819457
-0.23193515876990653 0.679769208278493 -0.69578700219453 2.586075855844265 0.10164466207243261 0.7283130379837556 0.6776637508078343 -7.895376786877914 0.9674059742770315 0.08645096155837004 -0.2380161634762681 3.925295990945342
-0.5366070038235854 0.6247616769233302 -0.5672084100069767 2.7517787815416983 0.38356273329543894 0.7793174948379773 0.4955234717396464 -7.579909229539865 0.7516198422371924 0.04834131324506347 -0.6578225167364269 3.4637162695348174
-0.7377310034020054 0.5836923362323823 -0.33919873539734463 3.0490220698369885 0.5460904412877767 0.8113665696883691 0.20849250678487377 -7.425868261667522 0.39691027591110656 -0.031421850963705596 -0.9173192309649898 3.011254550296143
-0.8181276313553401 0.5699201778362872 -0.07653563641648378 3.446386878061811 0.5750332055368124 0.8104225085245101 -0.11203467989201518 -7.401548805189693 -0.0018244360630559004 -0.13566927736698103 -0.990752350666472 2.643847544350104
-0.7929680421602933 0.5871221745707556 0.16275396453970054 3.9015972573904967 0.4885853051139891 0.7723853972633276 -0.40583850033793695 -7.4657773516698995 -0.36398546201256793 -0.24229787075077583 -0.8993364766215728 2.402409076039278
-0.6975362316927765 0.6305412679964562 0.34038284067527735 4.371999353865907 0.3243816604162594 0.701439259480138 -0.63463307691793 -7.580021333356652 -0.6389202448166372 -0.3322657588984198 -0.6938156406674092 2.2948435911106793
-0.5752204638688309 0.689924866354275 0.43945952617726436 4.823544044974942 0.12533817640776723 0.605232499095608 -0.78611934206329 -7.713330639498071 -0.8083385577210375 -0.39711106089076353 -0.434616319414887 2.3115040334771337
-0.4655634050910056 0.7541508004821051 0.4631488624758797 5.232592016783479 -0.06998689772374339 0.49031202018528186 -0.8687322120861801 -7.848575925538324 -0.8822426518822546 -0.4368644942854602 -0.1754909041933345 2.426865563511275
-0.3986360511281536 0.8129166133947103 0.42456503578125204 5.586184837646465 -0.23219276182708995 0.3583957061246276 -0.9042338123954005 -7.981761672052754 -0.887229092076608 -0.4590413535691977 0.045883703958231416 2.6125900712909527
-0.39339959506405203 0.8556138634222629 0.33639454032131 5.878881483086421 -0.3392111141999729 0.2049980541563483 -0.9181020471406139 -8.118115536757005 -0.8545011738685082 -0.47529001193198256 0.20958743172843022 2.8434356155178544
-0.45542014639932954 0.8668679768288482 0.20281032391797207 6.108118282262284 -0.3697124272436068 0.023080772378080344 -0.9288593557596876 -8.271648810167667 -0.8098795648088941 -0.49800307818713274 0.3099803070077541 3.0996298969161056
-0.570899910869622 0.8208751503507932 0.0153925253448888 6.266026737746998 -0.29620404249903626 -0.18844506491277735 -0.9363500086321089 -8.460919993432645 -0.7657258510479557 -0.5391218198364501 0.3507297534872099 3.368755478955981
-0.6930735995420008 0.6789431404312651 -0.24224949970901 6.33343528639074 -0.0852111841836837 -0.41085812480580913 -0.9077082870338853 -8.692443526391122 -0.7158124695174347 -0.6084666608670969 0.3426084910032836 3.642574257979161
-0.7219374586642967 0.4044626802712874 -0.5614409356005053 6.280495472261861 0.2714283544441735 -0.5808218195335465 -0.7674453654577469 -8.948384748241867 -0.6365000378650683 -0.7064388834763351 0.3095344984544473 3.915790267372876
-0.5187804488934555 0.010826875134734886 -0.8548387431664237 6.087392665725889 0.6909695041815344 -0.5834968437039695 -0.42672272322295646 -9.167465539897423 -0.5034156272452192 -0.8120431895828772 0.29522595967350274 4.188712924204721
-0.011340078956759874 -0.3712301643202657 -0.9284714057327291 5.784612022260133 0.9446608929678312 -0.3084176982050111 0.11177641860491506 -9.255697472190864 -0.3278517222678093 -0.8758232298345061 0.3541844845134866 4.479935245396605
0.6342483699450359 -0.497798533210578 -0.5915447503675575 5.495436089986895 0.7502046621045585 0.2113270658657865 0.6265249423293713 -9.146501397095676 -0.18687390143037727 -0.8411520785915433 0.5074850194228777 4.828819774152942
0.9791578042859252 -0.18247361390615818 0.08917945986394968 5.401481838621192 0.06270802037670828 0.6892537734876378 0.7218009913792621 -8.91458562121289 -0.19317723242868823 -0.7011647948275541 0.6863310104070633 5.267271841396297
0.633322315904153 0.4332394462104394 0.6412534639345242 5.565818713836663 -0.6741426783206605 0.7157700483680547 0.18222132774024338 -8.807701443121061 -0.38004491119142375 -0.5477013340737193 0.745378358912273 5.773761452328783
-0.2210384749634098 0.8327164551460293 0.5076660853703605 5.77035654446142 -0.7646376412753116 0.17514135878948126 -0.6202052015646505 -9.043123363149922 -0.60536857379102 -0.5252701838645999 0.5980132832941815 6.259087645877464
-0.7692325416717701 0.5728816047411902 -0.2829974549348396 5.658915145297327 -0.015135372811431276 -0.4591089519243917 -0.8882508993373583 -9.4949595746695 -0.638789150765411 -0.6789886213783748 0.36183238741893065 6.648145447027537
-0.36579631934776435 -0.12639080537400368 -0.922072655521099 5.174193881466306 0.8287677240820802 -0.4950370491506256 -0.26092557056318294 -9.719123992639046 -0.4234814286685281 -0.8596298507207647 0.2858316855831793 6.982288150023376
0.5870278188346569 -0.48270081398889275 -0.6499213592448364 4.740005196708222 0.7862551054113049 0.14866997490703238 0.5997498011263397 -9.472018050493773 -0.19287609716866122 -0.8630738577162749 0.466799772425835 7.395484332124067
0.965605054195438 -0.058494793732163215 0.2533470131556654 4.78620436053023 -0.1327182640972382 0.7269928185052922 0.6736964918391395 -9.101976975471349 -0.2235895977372929 -0.6841486037091735 0.6942247852396758 7.941735480922299
0.2929840438044841 0.6382532432280048 0.7118936660850126 5.150394625256029 -0.8262227576855945 0.5437096399423016 -0.14742946731076642 -9.166406068867493 -0.4811611413429306 -0.5449885310953904 0.6866375359359234 8.500313702358266
-0.6159566872082829 0.7679584414198599 0.17560364601336198 5.235490614807901 -0.4491986918951971 -0.15926611237798602 -0.8791214466442223 -9.689726212359426 -0.6471610876107059 -0.6203820780567901 0.4430668757409678 8.916889835809014
-0.6735457689701413 0.21410944363946227 -0.7074550274178598 4.782933892502498 0.5291422994204829 -0.5286091302828406 -0.6637623191529075 -10.101068477494445 -0.5160848489597818 -0.8214190809106635 0.24274825629542313 9.20455640744769
0.15310080447386765 -0.33809723634985017 -0.9285740025242339 4.205042874321457 0.958965695571781 -0.176074559069757 0.22222083572755377 -9.962972053414141 -0.2386304965778069 -0.9244930410156684 0.2972669011008904 9.525046766391005
0.9089266908900236 -0.2988039042454188 -0.2908053756299033 4.054220072021536 0.4016014452079351 0.43985696059769125 0.8032693849487823 -9.495613168624804 -0.11210750386613368 -0.8469009899521525 0.519798189891504 9.984124145375795
0.8326205330500186 0.20411661965155284 0.5148579127088061 4.3843563571928845 -0.5009652327937208 0.6739651324658495 0.5429589259232478 -9.264448492796875 -0.2361697417581315 -0.7100048957940378 0.6634127131165064 10.516047942897998
0.08283904629664655 0.6316770680861357 0.7707924528042502 4.768503956875338 -0.8884224845017737 0.39721976838876066 -0.2300467507741921 -9.541544028870348 -0.4514895781109197 -0.6657328547111968 0.5941013914489854 10.976300506448395
-0.6438030741726222 0.6676655391272487 0.37381747817825056 4.796536857073534 -0.5296597264646257 -0.036261390456275244 -0.847434464855932 -10.110548954224612 -0.5522477737070787 -0.7435774824877877 0.37698065597397157 11.291953984102586
-0.8626114525347599 0.4171100831779566 -0.2862163838551939 4.41019469774733 0.18294659494876764 -0.27026916088591585 -0.9452431374736971 -10.575058909744222 -0.4716258440282545 -0.8677403763134846 0.15682840927057734 11.501908331262397
-0.585139827593861 0.1526146896826686 -0.7964416053384555 3.8284801060265776 0.7611446466528237 -0.23546855122388377 -0.6043283948602857 -10.70355723818889 -0.2797661881090788 -0.9598243981041502 0.02162031365665026 11.689991719486143
-0.09868273715307233 0.03863815633536152 -0.9943680644913392 3.3004428507709855 0.9920422911424202 -0.07469109966711919 -0.1013544644290967 -10.507216012161754 -0.07818645114033004 -0.9964576137372861 -0.030959713743691223 11.91190194905314
0.3390815255232633 0.07365308414528046 -0.937868852700021 2.95622307779623 0.9378112650670004 0.0523640596469819 0.3431726939767557 -10.120217090050946 0.07438643351539595 -0.9959079707907945 -0.051316712422878524 12.173414255750396
0.6239885570585679 0.17619718001535434 -0.7613092981903629 2.8067706510063095 0.7634965066049006 0.07007341733126533 0.6419986375211516 -9.67100422137095 0.16646592012758143 -0.9818572972739127 -0.09080064806363475 12.446224892492708
0.7698192448033607 0.27136985869157054 -0.5776986341292656 2.8051763003408383 0.6047267888650583 -0.02058308965449188 0.7961666055832604 -9.232238278331682 0.2041647812731941 -0.962254786555713 -0.17994967897476968 12.689381806112651
0.829550948212767 0.3237321807005476 -0.4550183177265008 2.8954298881929263 0.5273211298982999 -0.18595046559383033 0.8290683072420229 -8.832432682765285 0.1837851603937019 -0.9276958160655965 -0.3249661071404216 12.861538485562637
0.8406049839685561 0.33262920221486014 -0.42748105940939274 3.0294229377148607 0.5352095679042378 -0.3887581526614894 0.7499448462254116 -8.486025617636859 0.08326668602734023 -0.8591999215319067 -0.5048184038768498 12.927828142365298
0.8028208698323912 0.31786049821949175 -0.5044227175683625 3.1656232841999246 0.583021212917586 -0.5955604083089183 0.5526241826421511 -8.215707171431882 -0.12475701664655017 -0.7377479425939288 -0.6634478844104423 12.868982980996527
0.6822611800718931 0.3088182675456682 -0.6626838280152301 3.2658916260523414 0.585654533274359 -0.7734255379792286 0.2425306833712154 -8.058857360049885 -0.43763902109007635 -0.5535735928768318 -0.7085392087846725 12.694547507551437
0.4411793491737325 0.33677316789542877 -0.8318314643991417 3.2999543496734978 0.44522602651964566 -0.8869368634055509 -0.12294829992606761 -8.058858250936323 -0.7791881153508737 -0.31611119300663876 -0.5412384785133592 12.456350623634586
0.08883196392899032 0.4250807474026164 -0.9007853784915633 3.2619948454889314 0.11202611373068258 -0.9028864554014407 -0.4150249626386934 -8.241365333050366 -0.9897265118687815 -0.06404431956029033 -0.1278252275333938 12.255465527632584
-0.27988057146858286 0.5739743721097111 -0.7695578476739251 3.196401738440435 -0.34697021925131855 -0.8078864324714182 -0.47637241735816394 -8.574359388574232 -0.8951413328766475 0.13368604168896298 0.42526404461952 12.222850226920507
-0.5074377241677179 0.7479030750505706 -0.42795667670644244 3.2089106441505306 -0.7414890844070215 -0.6320061911929226 -0.22530332994766372 -8.933738606229355 -0.4389765433357259 0.2029976076120903 0.8752662466079476 12.446304302413848
-0.46632032404793256 0.8846052854862574 0.004219442404992195 3.421877374700253 -0.8551412817803313 -0.4519988274256993 0.25383049099923555 -9.132140406073981 0.22644707483997123 0.11475784504520141 0.9672392878200657 12.863012617343696
