1 0 0 0 0 1 0 0 0 0 1 0
0.999903679001843 0.0015403993361185091 0.013793398220520043 0.02351434715092182 -0.001490914125128237 0.9999924162341228 -0.003597165757834428 -0.022781193256378174 -0.013798834756016731 0.0035762546522241784 0.9998984342923869 0.21578490734100342
0.999554180845995 0.0019381632094364722 0.029794475681614665 0.04593868539169195 -0.00191495126029375 0.9999978193812639 -0.0008075853177271406 -0.043249522800379366 -0.029795977695491947 0.0007501701972675576 0.9995557606474104 0.47995578565231106
0.9991045831872506 0.0016356365946446837 0.04227785035634239 0.06656626801846363 -0.0018053363004197547 0.9999904364994702 0.003976044018837211 -0.06201056750574471 -0.04227094602179356 -0.004048809854566915 0.9990980191836323 0.7844359490139781
0.9988236636094273 0.0018815215996941627 0.04845339094693142 0.0829257064897976 -0.0022564979836800017 0.9999678807459877 0.007685371757479686 -0.07862576969719887 -0.04843737673775536 -0.007785666909371477 0.9987959221533659 1.122742403651092
0.9988655591039038 0.004090852027322568 0.047442083511840025 0.0914401860327301 -0.0044759788777962535 0.9999577961161666 0.00801444170813958 -0.09306267283818465 -0.04740729816159457 -0.008217700723078149 0.9988418536641547 1.4893127941969118
0.9991680951137014 0.009473213375811784 0.03966424165371596 0.08816228242886746 -0.009608006260911826 0.9999486313882454 0.003209109455775466 -0.10616832317444592 -0.03963180660108338 -0.0035875352598658265 0.999207884979363 1.8786600271071878
0.9994624265336982 0.01909287908096821 0.026648863158486857 0.0696463147585585 -0.018885052916652913 0.9997893457038889 -0.00802870947898711 -0.12000403963057636 -0.02679654226752471 0.00752112845765548 0.9996125807783446 2.2859176649449826
0.9993674314493235 0.03390256492572064 0.010734397614262805 0.03354822503558488 -0.03360543156016885 0.9990771711136242 -0.02674620424040464 -0.13763991185562474 -0.011631255369334206 0.026368553915616485 0.9995846383505634 2.7061279973834127
0.998487270620926 0.0547450226867959 -0.005100120200581958 -0.020908328231775533 -0.054940454843452495 0.9970383285010158 -0.053814459464217104 -0.1627757436198042 0.0021389443181796396 0.05401326256659041 0.9985379100261419 3.1343113287790723
0.9964150368658312 0.08280795899160562 -0.017315470851455142 -0.09241972804513049 -0.08403822975716757 0.9923824706870733 -0.09008075223692909 -0.20001094175241274 0.009724169613359588 0.09121298606379356 0.9957839634985854 3.5665329838754247
0.9925819624332269 0.11953215175829064 -0.02220542365234051 -0.17764038514737643 -0.12145309623794753 0.9831400469740369 -0.13669243417386917 -0.2542862728161658 0.005491902951918576 0.13837537280351414 0.9903646902651834 3.998818944683336
0.985825012091411 0.16701037242894695 -0.016016817627553956 -0.2712759779640461 -0.16690034738998438 0.9664529205837171 -0.1952258559468656 -0.3313550406617259 -0.017125240386799474 0.1951317640258833 0.9806275718757037 4.4282662920109965
0.9736527688001476 0.22798921335803782 0.004604983936135621 -0.366390828955097 -0.218461907790887 0.9383748945463574 -0.2678190699718498 -0.43813130179535925 -0.06538106141866588 0.25975678116173384 0.9634582649122942 4.8526406165171245
0.951362259033704 0.3052358786756427 0.04172442387193219 -0.455117521221194 -0.27113288119042556 0.8938749851226488 -0.3570358401398956 -0.5813082842574078 -0.14627656778649087 0.3283575750606126 0.9331583784950157 5.266945263181511
0.9109414993095004 0.4014484827427216 0.09499826195825382 -0.5293943728709717 -0.31602514237463314 0.8270948637313587 -0.4648035340178144 -0.7695155631795967 -0.2651672356877146 0.3933870098522998 0.8803028576729369 5.665290711501642
0.8404660078952665 0.517786191324026 0.15973212212026378 -0.5824443725858943 -0.3388662765215768 0.7322746616106535 -0.5907145166197961 -1.0122725397852903 -0.4228315811979571 0.44234765940095155 0.7909122372770684 6.0372211912503175
0.7248908282617493 0.6514393736924269 0.2239642163994585 -0.611276829482451 -0.3194212798692573 0.6059219695271013 -0.7285799487240916 -1.3184359359611177 -0.6103304938240307 0.45660201366308906 0.64731091742607 6.365487960172401
0.5501038587512713 0.7917832992286545 0.2654522235781035 -0.620503841273281 -0.23328992290325098 0.45091987156639235 -0.8615376869455403 -1.692231812910339 -0.8018488502034695 0.4120079167258477 0.4327678554609798 6.624384465979031
0.312046632919542 0.9163107111860925 0.2510008738317335 -0.6272651549656721 -0.059227926097516495 0.2824411087211555 -0.9574545158371405 -2.127179361470709 -0.9482188780523029 0.2839042262272633 0.142406013490454 6.781982432390976
0.030876412506851893 0.9892710601438977 0.1427908239296383 -0.665293816934456 0.20581187889103492 0.13350508231064168 -0.9694420504549169 -2.598403250485439 -0.9781044111241342 0.05932095272174468 -0.19948157619275816 6.809111085985231
-0.23532707017830215 0.9683248911543618 -0.08347380601270264 -0.7834173800292428 0.5259749972034841 0.0546598203709829 -0.8487417901412742 -3.057665713632603 -0.8172952830659066 -0.24363708175518 -0.5221776655288811 6.697515580059608
-0.39113249478675033 0.8242647273671231 -0.40939319047398515 -1.0321683902764454 0.8120618556167705 0.09976224754810482 -0.5749809341292529 -3.438928414281845 -0.4330946266922037 -0.5573463844990986 -0.7083743056147194 6.483622861539971
-0.3361213982455996 0.5713341522215645 -0.7487318660698501 -1.4356317655859145 0.9355873351474358 0.29384978023159364 -0.19577705022499073 -3.6826508353874714 0.108160564860531 -0.7663090264736951 -0.6333023322824384 6.263365214055925
-0.03197066003267269 0.2903084776196138 -0.9563988071226555 -1.9579570925204934 0.789272414971543 0.5944068435232854 0.15404430548833656 -3.7767593563381165 0.6132104063093714 -0.7499344066522042 -0.2481361193060182 6.174200322678233
0.429057589854625 0.11425345530629442 -0.896022032981843 -2.491490564839248 0.37843261771045433 0.8779770708973493 0.29316387707395425 -3.7917886019340705 0.8201819069669559 -0.4648682635282719 0.33346549479002535 6.329095229997198
0.8217325840235242 0.15933204394560085 -0.5471459159635061 -2.896096304818091 -0.1222529819584194 0.9870530442391684 0.10382954451024684 -3.871108865455482 0.5566055484110976 -0.01842994531441115 0.8305725556627795 6.725937526975718
0.8997224144191457 0.43037986394090305 -0.07261190534828427 -3.087842241443562 -0.4270233751058912 0.8335865359585676 -0.35040629699934167 -4.153885261790676 -0.09027945689460422 0.3462754228926294 0.9337789102557733 7.203324759531843
0.5773008196432002 0.7795361545655466 0.24299571002511702 -3.119473047008195 -0.3203988442432461 0.4899913679656707 -0.8107114887567088 -4.666696502174886 -0.7510447438695463 0.39016895593783635 0.5326350122466312 7.512590630869376
0.03653270437616307 0.9828067241540638 0.1809861934481327 -3.1713670735772443 0.1577432371263448 0.17316540783283774 -0.9721784079528376 -5.273989925567435 -0.9868041934749265 0.06406573915249951 -0.14870486746496886 7.49018825713496
-0.36585184630593187 0.9012631016213376 -0.23211426529479093 -3.430632464469315 0.6975564775554091 0.10044555814472128 -0.7094545208241511 -5.754589372461819 -0.6160904874676835 -0.4214680535064924 -0.6654301911574497 7.201862934660659
-0.35364798497433175 0.5963366878883749 -0.7206354266069872 -3.942900362292791 0.9277557792535395 0.3217823189849687 -0.18901157229353097 -5.964618796372443 0.11917314694039417 -0.7354173556242048 -0.6670526125010305 6.917724879756349
0.05796704278551502 0.2867324049621114 -0.9562552147682883 -4.567308761562127 0.6920305728797753 0.6788399103325401 0.24549960313112637 -5.9526471161530345 0.7195369882490429 -0.6759889088462097 -0.159077317188665 6.914821332873952
0.5809141764933907 0.17885677186667448 -0.7940709197921377 -5.080257808902548 0.15735416408682906 0.9324801327701909 0.3251467318979834 -5.9226947062477535 0.7986102286275482 -0.31383284850656523 0.5135471281194215 7.269300592661793
0.8789700718934176 0.320344606053206 -0.3532570696758307 -5.338225694133141 -0.3308273646573859 0.9431447126029471 0.0321122589720837 -6.079583194814595 0.3434596263247169 0.08864134636779396 0.9349749484151219 7.812551280804941
0.7976019095440758 0.5944835498073572 0.10207857820798666 -5.36368863821326 -0.504035185988616 0.7498421929618938 -0.4285849020783003 -6.491342852500086 -0.33132958340809837 0.29038896485509447 0.8977164661501535 8.27050725509319
0.42276825792911804 0.8340788772138068 0.35437119973781905 -5.302204150010197 -0.32240082168224804 0.5038807311600462 -0.801349923854938 -7.069824344475561 -0.8469500807104519 0.22453576762384655 0.48193268251272015 8.449710601052836
-0.03252259630201023 0.9390596895994502 0.3422115265022371 -5.311614895282667 0.062208512271522715 0.3436308458517694 -0.9370420151115029 -7.65519759548305 -0.9975330749996572 -0.009186601909018148 -0.06959323181105001 8.326378947313259
-0.38390018572624174 0.91252411819773 0.14113788768203836 -5.477720031044702 0.44933560806796186 0.3181514261756772 -0.8347915634984432 -8.116630734525007 -0.8066709095161436 -0.25705845025844765 -0.5321680510529265 8.007850933689369
-0.5578249034832633 0.8206410224335026 -0.12401309085920863 -5.7995276444797135 0.7088462746070568 0.3933542853120504 -0.5854990554449148 -8.4000813025315 -0.43170365596801274 -0.4145123121891825 -0.8011312962880809 7.635959859330201
-0.5803345219796681 0.7334487533829704 -0.3539270402942787 -6.223760109553374 0.8135497922976261 0.5025371919004336 -0.292562674745803 -8.517023791537575 -0.036718332203866916 -0.4577216356897516 -0.8883369602178395 7.31241199646971
-0.5211331312574654 0.6909285949447388 -0.5010363394307524 -6.686607235832905 0.8067837627072292 0.5903130634667346 -0.02510326960863363 -8.507462394943204 0.2784237370049921 -0.4173102804124202 -0.8650619385934671 7.076199584488601
-0.4446814069853879 0.7004109486581163 -0.5582852078819703 -7.137587320898222 0.7546863954589461 0.6286872198843663 0.18761792757405873 -8.409508693325591 0.48239651003795814 -0.33790018723399534 -0.808156442994545 6.917504862057282
-0.3874553868237908 0.7498815267675321 -0.5362419873422315 -7.542441808553135 0.7148078562067457 0.6117008272457698 0.3389269758865959 -8.24734555275285 0.5821748389990972 -0.251991022458549 -0.7730282978886602 6.801937050389527
-0.35575846596065336 0.8206425559316951 -0.44719248029974334 -7.8766166568168225 0.723332220380456 0.5447744595453513 0.42427694002268923 -8.034940844976859 0.591798868871529 -0.17252868471515928 -0.7874056875033159 6.687664025956086
-0.33115363448918333 0.8942930546749561 -0.3009594960499778 -8.115683465508427 0.79128439165095 0.43695123385122914 0.427717499143099 -7.788203877850477 0.5140094962385219 -0.09650438384388081 -0.852338475970651 6.5361146490065085
-0.27853163726444635 0.9537902855783499 -0.11271044291676818 -8.233334016342301 0.8979848426371851 0.300247690990317 0.3216739684126203 -7.539197939831065 0.34065056976425173 -0.01161589104642599 -0.9401180579282518 6.318869607082518
-0.1593570429193576 0.9835936091663169 0.08454820152405843 -8.206987147278292 0.9847786658640157 0.1523586656585705 0.08365086215654949 -7.3460788331924185 0.06939673517364439 0.09659166567893422 -0.9929017214390173 6.029607798891828
0.04567140696247956 0.9713956158518361 0.23303248841140162 -8.03386775854077 0.9622067024378753 0.019913832902577717 -0.2715905344240643 -7.2892496229372385 -0.26846257479253405 0.23662943222958158 -0.9337740681303653 5.70163409808177
0.31065840441316234 0.9134623849232929 0.26282563019845867 -7.752769074254413 0.7463451789737648 -0.0631909525429599 -0.6625522872094861 -7.441741959453572 -0.5886085711795961 0.4019862031430288 -0.7013891586601918 5.422274222883014
0.5552871763193866 0.8217014875701052 0.1283055679804771 -7.455558476909676 0.3184056226561251 -0.06752768900089183 -0.9455462280386228 -7.811294075196169 -0.7682927187023172 0.5659030668923017 -0.2991316494062255 5.319845114722942
0.672095061568946 0.724992780266792 -0.15057617889334246 -7.262246798141863 -0.2311703304423601 0.012251999619840775 -0.9728360554241727 -8.286487932729235 -0.7034543760379502 0.6886472080587057 0.1758313936446245 5.5029657873326405
0.5834926258425136 0.6579024002919859 -0.47613055635476914 -7.25362147299478 -0.7188961541174653 0.14569957065068176 -0.6796762446508229 -8.649850159005258 -0.37778864334010437 0.7388746581959043 0.5579782532105243 5.9734662370160265
0.2936996734012021 0.6412134706432782 -0.7089325060030733 -7.403143038771961 -0.949960646431766 0.2783190824054125 -0.14182069179855344 -8.686895572493047 0.10637217288540453 0.715110814944631 0.6908699022551497 6.584690579585356
-0.1005568479789551 0.6697313084938551 -0.7357633945742568 -7.571988315228029 -0.8200723044263056 0.3629378772142112 0.4424447185910539 -8.328474625091037 0.5633556386017244 0.6478701615134118 0.5127322787599261 7.102854008917324
-0.451175502783301 0.7183372645588479 -0.5295579930218094 -7.585832412996021 -0.37528883411675285 0.38565157349489415 0.8428706379252529 -7.710093148700523 0.809690468797521 0.5790199284164143 0.09558737715285172 7.341666645069557
-0.6279995149226446 0.7608311954696255 -0.1635600684284208 -7.338532887254876 0.20748593929282513 0.3662624592142091 0.9070838400859597 -7.09609778494629 0.7500437948336555 0.5357119364967263 -0.38787456977827445 7.269692235175856
-0.5757527799318276 0.7856501788904693 0.22641100686894677 -6.84790438077928 0.7044467334971619 0.33608987881517965 0.6251384577987453 -6.729020672355251 0.4150457907804239 0.519419832081859 -0.746953611289726 7.015636712602934
-0.33005089753805905 0.7975351348235373 0.5049787082764622 -6.233671427827862 0.9418373691714035 0.3141048544055527 0.11949960809004706 -6.712101491155633 -0.06331117012208008 0.5150489335840854 -0.8548192226943824 6.782642571471332
0.00799659618967375 0.807526364855913 0.5897767877697249 -5.647713911662571 0.85646800000613 0.29889485485350037 -0.4208611969921881 -6.986132350884716 -0.5161378956592899 0.5084905581100321 -0.6892304875701072 6.741784384514449
0.31889104165506593 0.8215235358251942 0.4726594872460002 -5.205379330524118 0.5011858361189888 0.27710598421657195 -0.819771136587993 -7.386477195261291 -0.8044382661847316 0.49830807742396177 -0.3233693815653014 6.965140389388404
0.5084990071291046 0.8353830564486365 0.20871836641697733 -4.950296783908239 0.006124587403450154 0.2388813916111015 -0.9710292959738349 -7.730718599533756 -0.8610405355436511 0.4950459085009536 0.11635465226712857 7.419070264385967
0.5331625614027518 0.8383358128495673 -0.11371125741589144 -4.857252879618059 -0.47808454163860065 0.18766859616004092 -0.8580299500254708 -7.8879049121601215 -0.6979772947790481 0.5118332253179622 0.5008534065944604 8.000940183654812
0.40220908348455553 0.820441947599853 -0.40632797564829803 -4.859039528518788 -0.8301874716307085 0.13969941725144353 -0.5396967399268963 -7.808224400671047 -0.3860260681875556 0.5543995253838182 0.7373091468242412 8.589772757010119
0.16318112148832692 0.7788508415076338 -0.6056095410212401 -4.879068662883105 -0.986369709462011 0.11564635148460761 -0.11704879797012514 -7.51583257235644 -0.021126973485458878 0.6164553023335787 0.78710627034445 9.087119896113405
-0.12033819358402656 0.7195281028009227 -0.6839573333164599 -4.856170376809986 -0.9438066214191013 0.13070130197028462 0.3035555300623109 -7.080417733431267 0.307810939716289 0.6820530085369186 0.6633670773036745 9.437200559276876
-0.3896291642355031 0.6545410948017627 -0.6478924719554614 -4.756008256083449 -0.7459846409799821 0.18825096157140858 0.6388021889658266 -6.585137638699383 0.5400887832595326 0.7322140132932806 0.4149295044994551 9.626720218456104
-0.6042472179784628 0.5969604232999038 -0.5277529441298126 -4.571512220016762 -0.4598175239595358 0.2796799868476934 0.8428207044640961 -6.102424124599439 0.6507326290316419 0.7519423045102598 0.1054969066666986 9.673425280483286
-0.7471755921431892 0.5555193951577382 -0.36486491386276937 -4.313971009793892 -0.1538319057504729 0.389522060842208 0.9080793326250955 -5.682681537601147 0.6465786475757122 0.7346227789937346 -0.20558491591863734 9.609603520149259
-0.8227520915174951 0.5323870456744076 -0.19910450151300846 -4.005803590502026 0.11741304881650101 0.501920740372498 0.8569069500565377 -5.352074599216314 0.5561408048800894 0.6816447297502045 -0.475465698651758 9.470325870687436
-0.8501333990210156 0.5229481252511785 -0.06162819727580164 -3.6723915300561076 0.3202409213880684 0.6063761875584422 0.7278416152713225 -5.11703787294502 0.4179932224237694 0.5990267720186793 -0.6829702236941951 9.285128722818841
-0.8550900846503332 0.5177180314724804 0.028081717992818788 -3.338246788991351 0.4417316664584937 0.6990891730334416 0.5622696712624012 -4.968785325508415 0.2714654479744756 0.49319595573206787 -0.8264768382852787 9.072908291638052
-0.8625243630588695 0.502538112134885 0.059218541338673346 -3.0237786711496586 0.48284680743768205 0.7823715264306267 0.3933872455405383 -4.892145458541627 0.1513610884587694 0.36789968560584246 -0.9174635592884394 8.841762165485589
-0.8881604121174784 0.4588329437081275 0.025359684168592585 -2.7464925330159224 0.4510111194674098 0.8597827240764 0.2395045267406533 -4.870384426137465 0.08808864203370109 0.2241560147147976 -0.9705638774479628 8.590011568248892
-0.9288041673850675 0.3618666088937468 -0.07984456133728587 -2.5232237519574072 0.35372275927103874 0.9299817552228699 0.10006970501884636 -4.891254333590164 0.11046576420903848 0.06470235305501723 -0.99177150570503 8.311509003786105
-0.948793538002591 0.18269165679375776 -0.25770965791431605 -2.3736243402504886 0.20072295062420764 0.9786021271564754 -0.045253832921650125 -4.951602190439974 0.24392764093659253 -0.09466480234068318 -0.9651619766354902 8.002870969763316
-0.8702223855323079 -0.09759799518520444 -0.48289467983250506 -2.3194185752810372 0.01865245044656191 0.9729508993847813 -0.23025723359141168 -5.062425306489142 0.49230541589613125 -0.20938224212889192 -0.8448634235817585 7.675072091058943
-0.5927944533949838 -0.45162950484728454 -0.6668022370995674 -2.3704055023579915 -0.12523414242711967 0.8695837191783542 -0.4776404382632443 -5.250559431796797 0.7955569055126105 -0.19963631121461062 -0.572043998164812 7.366902750824802
-0.08032995655499685 -0.7601076682841063 -0.6448125018938441 -2.492299096983251 -0.11960238931162295 0.6495794641939304 -0.7508273078017479 -5.5478621167432856 0.9895666763998938 0.01680706825603003 -0.14309145372050733 7.144891632549649
0.5058371750038583 -0.8202678791611432 -0.2670001279448735 -2.575640362240602 0.12490885272337135 0.37590536644751305 -0.9182008358429545 -5.956714139151119 0.8535376224571823 0.4311093629027567 0.29260566807882077 7.064665889197877
0.7806117309959646 -0.4865602923776562 0.39230609262398086 -2.4694926773788177 0.5418271507598248 0.21392213049674796 -0.8128102399966569 -6.407257886128104 0.3115583668750875 0.8470513373674805 0.4306218646385325 7.088693626747404
0.410359255149831 0.10169806201496875 0.9062353137104733 -2.1252734006583816 0.845801165889088 0.32906854362959714 -0.41992156950312665 -6.770169929009518 -0.3409187936143047 0.9388136845762367 0.049020163929205586 7.0406072578958465
-0.4268127461723312 0.47710638672715733 0.7682448095978077 -1.7373043665208991 0.7280623088546905 0.6851880373802982 -0.02103635313930105 -6.974641066501532 -0.5364288896132774 0.5503515850513293 -0.6398101213897708 6.726960319348026
-0.9727566903386521 0.23177793532417915 -0.004805023876371499 -1.6299044433146934 0.2318216673138864 0.9726705440229845 -0.013064162147021115 -7.134901147876255 0.0016455719144249869 -0.013822180381068392 -0.9999030291568216 6.188734015321391
-0.6020565362290218 -0.4463725172528147 -0.6620265602247982 -1.8727429060572975 -0.15372415895777003 0.8784247338807982 -0.4524807591890598 -7.476580834282387 0.7835154644923317 -0.1706496521239765 -0.5974797319932433 5.760800596535365
0.3408791847688266 -0.8269326422303727 -0.4471950821140279 -2.088514860244278 0.019851408124889405 0.4819105307746972 -0.8759955023928776 -8.057098035874457 0.9398974624538093 0.28973104736754796 0.18068904127228305 5.715832852386361
0.7763758373849208 -0.4549605282348594 0.43617786920006446 -1.8572888657116309 0.5775725989275432 0.2365489691999478 -0.7813158569800992 -8.631882202445647 0.25229056901017205 0.858519124454115 0.4464238203315566 5.86693003274742
0.16868801669348127 0.23503232277516148 0.9572375997553735 -1.293971981586446 0.8601117265023628 0.43921780384001724 -0.259413818020078 -8.928458778895601 -0.48140651368453674 0.8670913739321745 -0.12806308539523795 5.736736055214922
-0.7602650979365823 0.42053101353150657 0.49512660410735676 -0.9646615802158126 0.5229871350118952 0.848336692220082 0.08251876314455894 -9.011220229915075 -0.38533259201655573 0.3216809945676993 -0.8648930734002839 5.173344642662397
-0.910636534041223 -0.08898269711709351 -0.4035132397564544 -1.1688788023802825 -0.03474073449175522 0.9895676260709336 -0.1398181378545383 -9.217471912368739 0.4117448559542008 -0.11330528315312118 -0.9042278703938396 4.578050557757891
-0.13641132690171157 -0.6718122689214384 -0.728052143016488 -1.5537700343047076 -0.18042718557883794 0.7394783837027047 -0.6485505346193607 -9.729650885708647 0.9740831213949908 0.04289053173520598 -0.22208655590597798 4.404758428975686
0.6794788043742173 -0.7115902345191356 -0.17873889488511402 -1.5644752308579104 0.20745529772414828 0.4200101873235909 -0.883489552312671 -10.35897636604545 0.7037549145040615 0.5632319398635378 0.4330112782009948 4.611239458119305
0.7257846337555122 -0.26152217768458536 0.6362723261470778 -1.0869314768053617 0.6845296875605363 0.36629724211143555 -0.630274124200933 -10.790107046768311 -0.06823405378134458 0.8929905632164522 0.44487288432577743 4.752389222472473
0.05503528719811523 0.17576257362174694 0.9828928188373811 -0.5008357168829508 0.797339244455689 0.5847938300652611 -0.14921908594882222 -10.923366501975527 -0.601016922150401 0.7919114122962885 -0.10795786339323071 4.498162865099861
-0.6908953939463706 0.2577195952076378 0.6754582118892087 -0.22699440871082588 0.49714272853007485 0.8477025957185873 0.1850659672057164 -10.921218854734404 -0.5248928609632304 0.46366039609060483 -0.7137971811417853 3.915142778615618
-0.9984923141719745 0.04204890410875508 0.035278885005872035 -0.37423119028396307 0.04874459769388604 0.9747806094573952 0.2177768845136655 -11.0037367153177 -0.025232173066094443 0.21916813980749972 -0.9753607386140783 3.3053052889854584
-0.813213194166115 -0.2217734574853044 -0.5380524313487204 -0.7694839496025876 -0.2855304037203693 0.9576619779966308 0.03682318697649401 -11.271924076378124 0.5071058311356818 0.18357530230415214 -0.8421066595400646 2.9131979667367394
-0.375760881360138 -0.35968087150133593 -0.8540684736895928 -1.180553790307815 -0.4189949088290338 0.8879693099198672 -0.18961472174762498 -11.69226227621208 0.8265874587525739 0.28660040928921604 -0.48436885467123125 2.801763864030041
0.06248359442072409 -0.3490236626833268 -0.935028223767026 -1.4701453377496045 -0.4059717425854496 0.8469625007163558 -0.34328033449194 -12.174318885780659 0.9117470002786345 0.40104432877237656 -0.08877271801142403 2.907317514439114
0.37504089884302044 -0.25079254762170655 -0.8924387690736335 -1.6137287995503977 -0.33583872857395236 0.8605518693622577 -0.382965799520442 -12.636935759589342 0.8640350542645953 0.44334327124486433 0.2385161306986785 3.1390313504196032
0.5435852397141346 -0.128576717360853 -0.8294472245984604 -1.6501051341508268 -0.2640772463363207 0.9118163350264594 -0.3144107769742702 -13.027496800724647 0.7967296876901435 0.3899471219875119 0.46169559804116483 3.4333501190179163
0.5917555551840337 -0.01371399464437042 -0.8060005819137944 -1.6342624483048103 -0.19632035913420925 0.9672991339158598 -0.16059480432426265 -13.312629088220788 0.7818463096796805 0.25326710536365776 0.5697121759100064 3.7565924487434574
0.5380231398395035 0.09272217167500371 -0.8378146367990509 -1.6136588223303325 -0.10054316739461307 0.9938949680738939 0.04542918315751266 -13.46785061778901 0.8369122814075762 0.05979449315533864 0.544060934652753 4.083991584624539
0.38471047245144946 0.20550606160832854 -0.8998693266368992 -1.6196968430297076 0.06808613496844881 0.9659267061924546 0.24969950836055416 -13.477994966126506 0.9205227461107145 -0.1573307280902481 0.3576098085006107 4.379056639841472
0.13758307137794826 0.34139005249932836 -0.9297975218885468 -1.6628751517157676 0.32974269174792165 0.8693924422504972 0.3680033878715865 -13.34838822196291 0.9339916966519108 -0.3572250458560515 0.007042565611034578 4.585704921160623
-0.1590391287703214 0.5076584477485822 -0.8467520928013742 -1.726050863084123 0.6367298939951627 0.7082019270886053 0.3050000193398303 -13.119792757485426 0.7545072541105531 -0.490645485242085 -0.4358733860462828 4.637505394856037
-0.4028980336846009 0.6916338530573864 -0.59942922037112 -1.75663182966042 0.858298109992895 0.5129337548155236 0.014939922408927447 -12.879423872214812 0.3178002662286938 -0.5084696976349073 -0.8002882524195002 4.488537089080068
-0.46644577402815357 0.8556414040303303 -0.22428927705144996 -1.6715153030905359 0.8359554601507742 0.3435281565831117 -0.42797978493062017 -12.748937091833973 -0.2891477961536261 -0.3871251847179191 -0.8755154383336213 4.168698241721606
-0.2806902554733789 0.9495161390172939 0.14011270944731719 -1.3981432717809665 0.4992782345969189 0.26912406081972007 -0.8235855977088957 -12.822373171262422 -0.8197158060272494 -0.1612171482039882 -0.5496131638373555 3.832129344004661
0.09244821234527 0.9431389845133624 0.31928290693897576 -0.9489657387115573 -0.046486304880042 0.3243949508890508 -0.9447785988457185 -13.06781158517668 -0.9946315134927172 0.07250092454408127 0.07383300361494405 3.7191201013795525
0.4712422494995649 0.8553478626056997 0.21519798447593544 -0.4624527935074573 -0.5503967091673979 0.4758343832967644 -0.6860355590483024 -13.286862744684926 -0.6891976925422368 0.20484476447591124 0.695014224950878 3.9917411745055236
0.6531493370235687 0.7479171500597196 -0.11838600309592566 -0.13462938428914767 -0.7563696659413685 0.6369417054290386 -0.14902969925602919 -13.223855011450288 -0.03605668258495333 0.18688228763109918 0.981720190126041 4.558485756213876
0.5345342030424423 0.684444597244574 -0.49579053664751954 -0.06868946939749955 -0.5571700544874928 0.7264880444733883 0.4022143716293464 -12.76902015142037 0.6354796525430765 0.06124228855935741 0.7696848046691915 5.08273337148748
0.171947308043555 0.688993463623039 -0.704074926674032 -0.17734095856456122 -0.05981284781398555 0.7207035003700729 0.6906580591854365 -12.070791287331128 0.9832884698549226 -0.07664411722604897 0.16513354301072328 5.215478193903347
-0.2523617025251785 0.7386696160174001 -0.6250441130864036 -0.23792326188002516 0.4769492621221079 0.6569891357191436 0.5838530144173723 -11.439880980434161 0.8419218148092262 -0.15077223854778518 -0.5181071390118821 4.8586037313345685
-0.5354813500949751 0.7912048533467514 -0.2953878854642828 -0.05336325820418028 0.7892577898805593 0.5932887865562105 0.15836739715023054 -11.12820358321352 0.3005512750063567 -0.1483344434131079 -0.9421599978957846 4.228390042707072
-0.5594950677867647 0.8189643458031246 0.1275229143733562 0.42047952410531153 0.7428015209592074 0.5637090030150705 -0.36121705371491847 -11.172100652682145 -0.3677099796807243 -0.10737496070077612 -0.923720575192429 3.686808880007777
-0.3367768944542629 0.8221077824204275 0.4590419570560518 1.0685918472705036 0.3797262225338807 0.5647015197436027 -0.7327481559683725 -11.40312364678531 -0.8616199962895255 -0.07246238585675757 -0.5023543325382633 3.505216489372145
0.01631414826012557 0.8175262514436521 0.5756596982477531 1.7065692424553036 -0.12880167266968673 0.572658041007899 -0.809612616152386 -11.578127920516822 -0.9915359880750334 -0.060937795090746705 0.11464135026085359 3.7337096062821864
0.34692447270479715 0.819670835832226 0.4558316602760445 2.185116078268126 -0.5774699238469979 0.5696481268969834 -0.5848326178539374 -11.516520148063172 -0.7390340369309824 -0.0603363252492934 0.6709604301265591 4.221866134184023
0.5329172229010009 0.8293259125840763 0.16797942688830836 2.4491225951420725 -0.8139881532830898 0.5566735500410158 -0.16594425065437884 -11.169281628221439 -0.23113150443431105 -0.04829870738154114 0.9717227466494002 4.732319935646171
0.5215628995710708 0.8354294681191494 -0.17328869668196636 2.5375274192948125 -0.7842505592801453 0.5494072374406694 0.28827473074907883 -10.60893769277511 0.33603956856526873 -0.014451625479111592 0.941736769844429 5.060821418258965
0.3330329451224195 0.8251659576686341 -0.45627790875113844 2.5440468271227283 -0.530185516497452 0.5640343723503008 0.6330625678181121 -9.971832539215427 0.7797384534219756 0.031081281131990785 0.6253331284481691 5.106394160900059
0.03768972326860962 0.7934855378242487 -0.607420312526595 2.5692357204842713 -0.15466210526564406 0.605159928227255 0.7809357960117355 -9.393852405461201 0.9872480984384935 0.06451168433398029 0.14553035510719775 4.879951346426788
-0.27723668418644015 0.7466743605946409 -0.6046622748701497 2.685416304028436 0.22442089145924962 0.6622473036359754 0.7148869896265191 -8.966936663805694 0.9342240462300405 0.06249407158224374 -0.3511688508044446 4.4701516076341115
-0.5372929950876234 0.6992736070860106 -0.4715208605522669 2.922615002972945 0.5119981499435319 0.714704679852218 0.4765026528722528 -8.724958231721624 0.6702039951672394 0.014603715667043214 -0.7420330113645845 3.994403833498705
-0.6982008562981785 0.6671929697187609 -0.2595541530094105 3.2726597522023066 0.6562520152870638 0.7413662694245384 0.14038875145263666 -8.652880449828409 0.2860909953286627 -0.07231344357381428 -0.9554697053549441 3.557960453137105
-0.7496886599028507 0.6611965809937854 -0.02802142245663398 3.703069769026007 0.6506871200522764 0.728726646883452 -0.21345572795073217 -8.707125595778049 -0.12071649821703798 -0.17825861269358823 -0.9765505566127287 3.231451361376957
-0.7091935319008804 0.6835208886766847 0.1727510908584047 4.17220042064099 0.5232351206562751 0.6745176119926961 -0.5208172619130215 -8.836193007945173 -0.4725134836693038 -0.278970920569265 -0.8360059090103227 3.046546246159787
-0.6105079669079384 0.7284578895171995 0.310851023042276 4.640743837326936 0.32001355568005585 0.5859028582029556 -0.7445191789676008 -8.995162101848816 -0.7244797635507374 -0.35505849350581054 -0.5908148393283077 3.0034055071064922
-0.4921543904763853 0.7856889297715298 0.3748015162286794 5.077998211217311 0.08994964578918019 0.47414994144028766 -0.8758370402780733 -9.152957047121433 -0.8658479745907329 -0.3973339297058476 -0.30402736287607995 3.082155108983832
-0.3885698437380989 0.8440591023441978 0.36956324362759324 5.463792649887179 -0.12588614825908778 0.3486897480443673 -0.9287452954453583 -9.294148166707785 -0.9127791859437726 -0.40740541463542007 -0.029234795242632027 3.253983395150101
-0.32535961692642473 0.8937551128104408 0.3087754405832951 5.787376954924171 -0.29848769435754763 0.2127731383901007 -0.930393695142655 -9.417128322564842 -0.8972435328593963 -0.39487826857626335 0.19754736700991993 3.4896555187499487
-0.31758482684102296 0.9256211512409357 0.20582702821075086 6.044468926255453 -0.4085730920159386 0.062302996634141516 -0.9105965975584697 -9.530885641387133 -0.8556913475175827 -0.3732870621712637 0.3583976933774803 3.764454844671848
-0.3686545554269933 0.9272313097525948 0.06584311276465227 6.232832906568906 -0.439194529679054 -0.11131392101925733 -0.8914691152233545 -9.650740808365743 -0.8192690951810376 -0.35756204714556117 0.4482715775686503 4.059992941097681
-0.46522982538513835 0.8772520849892981 -0.11827661032513362 6.346862307468425 -0.3671923501985703 -0.3128338177528422 -0.8759592369968295 -9.792867626857783 -0.8054382732027895 -0.36409204269857937 0.46766014685919904 4.362871983812483
-0.5642306248400065 0.7432822169566634 -0.35940888737166343 6.37229099539522 -0.1632903726351033 -0.5271870565081463 -0.8339123848406165 -9.965954968138794 -0.8093082655318856 -0.411830864807905 0.41882611413836307 4.661100903292123
-0.5774618523292043 0.494745956015886 -0.6494333003843432 6.28574954219204 0.18194219208523033 -0.6974768792192769 -0.6931254005549835 -10.15756227433506 -0.7958860357591732 -0.5184128377297862 0.3127512534008528 4.941053758032578
-0.38434315820638293 0.14360822551522373 -0.9119519577804367 6.068859081839447 0.5960158816735727 -0.7157765806668027 -0.36390758347878666 -10.317485045497225 -0.7050142817877249 -0.6834033816915793 0.18951108776141176 5.190767300265642
0.08007698272295484 -0.19835138625727042 -0.9768540217367939 5.745405362066152 0.8671684029542981 -0.4693942471768989 0.16639643070995971 -10.357835996567832 -0.49153485142668474 -0.8604217010763737 0.1344163479624823 5.415442691654789
0.6733360813081314 -0.3155541959126702 -0.6686130685344137 5.421507897958394 0.7114518847341778 0.030523698362198693 0.7020714551730188 -10.206897216442398 -0.20113312611022163 -0.9484164276095597 0.24505430786380433 5.6583010081758385
0.998803119735722 -0.03286310243301226 -0.03621835753755482 5.257837979328312 0.04807963294529697 0.5242844121176817 0.8501847010016497 -9.918697242932163 -0.008950919401009701 -0.8509087669289888 0.5252370488215247 5.993962991197142
0.6874225027879804 0.533410245411084 0.49287244610352876 5.31891259729793 -0.718373045966931 0.5991337849833209 0.3535232425934515 -9.722535929103431 -0.10672354478111806 -0.5970862844150678 0.7950458154002161 6.4619837905062045
-0.10949330126963382 0.9143510377115704 0.3898368666423211 5.419309979504832 -0.8783906664211163 0.09455804473484385 -0.4684958763682798 -9.846203315687875 -0.46523200613538035 -0.3937262723086823 0.7928042428398224 6.985804265606413
-0.6377362626304747 0.6895193462772393 -0.34330012207213934 5.238180024837641 -0.16730150974912203 -0.5590556656275604 -0.8120756190829193 -10.199894026549947 -0.7518659833907267 -0.46045547078684446 0.4718878203532851 7.407179057616631
-0.27669933115382594 0.04400487280881767 -0.9599481859531589 4.715135859070578 0.7178437150793344 -0.6546504476812871 -0.236924124580317 -10.35844230646194 -0.6388565202905272 -0.7546497086548855 0.14955267146438753 7.667794484738058
0.6174787753902676 -0.29948605407747525 -0.7273427604292128 4.232038087918501 0.7526158811591873 -0.04386762888078161 0.6569967950811206 -10.051510876402904 -0.22866819306525074 -0.9530915844372723 0.19831061746233863 7.922366408501609
0.9894911882009729 0.08143544016540466 0.11947773490046264 4.187260825122999 -0.14458191124088257 0.5666008947742731 0.8112086018654584 -9.591534324985865 -0.0016349673468597644 -0.8199582830049248 0.5724208408868585 8.368290856689816
0.37123969972829385 0.7311785165012062 0.5723273571318043 4.438156160916974 -0.8979035309301572 0.439706327044385 0.020676723304716454 -9.54198853586867 -0.2365375886425596 -0.5215708247583809 0.8197644680548154 8.96962944011751
-0.48863223912783693 0.8677757999834393 0.09057189463684018 4.435309196538572 -0.5897874807901953 -0.252023479028427 -0.7672254487900112 -9.968268807914718 -0.6429536081958702 -0.428309247553464 0.6349502482533421 9.474404116494808
-0.5646919583754626 0.36701847845516433 -0.7392022795349213 3.935956423147828 0.393131557357438 -0.6679057858004942 -0.6319410055301692 -10.320168685344623 -0.7256517148337335 -0.6474558328002344 0.23287445056792827 9.735973950328937
0.19396812062467955 -0.14651136097722095 -0.9700053748997688 3.3181156914955343 0.8991026865568612 -0.36897746024588335 0.23552076397118762 -10.134669513978288 -0.3924166499549559 -0.9178181065210987 0.06015878905054646 9.899119814674652
0.9103724406616096 -0.12481309227488113 -0.39451660906207536 3.0938401827106157 0.41348648713197095 0.23790631125069334 0.8788796722451407 -9.592289524753907 -0.015837613658401334 -0.963235269985447 0.2681918488683076 10.209041014831579
0.8700700033742507 0.32742509521279684 0.3684707084398392 3.3208539609642482 -0.4911364789776567 0.5121716637899671 0.7046028418378298 -9.248573218351284 0.04198449984572821 -0.7940232462654695 0.6064357128065314 10.724426013902994
0.19388351411054314 0.7289891926118702 0.6564934707637761 3.615809343900161 -0.9574951677625636 0.2863012332302911 -0.03513781188979381 -9.40599406629172 -0.2135699469376409 -0.621776658613869 0.7535128455095286 11.286008529365109
-0.5007264355899337 0.7915127552300227 0.3504002302883859 3.602148473431535 -0.6957027752455922 -0.1271325951694242 -0.7069900675922116 -9.89254199827924 -0.5150444474428055 -0.5977829980913902 0.6143164010935253 11.708821851239257
-0.7695486933228026 0.598064576955967 -0.22385987642178318 3.2113364507235245 -0.029295433147008807 -0.3832481874119571 -0.9231806707538296 -10.334931427471163 -0.6379157403921945 -0.703874395283341 0.3124487662584518 11.936651830831122
-0.598908634943293 0.38234825433984293 -0.7036461457010869 2.622049553481518 0.5837204815048824 -0.3931137403686865 -0.7104448752636435 -10.49000275143749 -0.5482505301550843 -0.8362242711039786 0.012254657878683083 12.033565745298894
-0.22214451578438763 0.29037762290350644 -0.9307696915280843 2.0487482174362213 0.9133435928229579 -0.2721437936096887 -0.30288799354891244 -10.336052701649987 -0.3412552507480666 -0.9173975085764488 -0.20475943013813236 12.090920928880188
0.13996801420429478 0.32799297960154955 -0.9342532787829951 1.6131643568868763 0.9822473412520326 -0.16501116130899562 0.0892268726572955 -9.977080807186947 -0.12489651118347353 -0.93015676538482 -0.34526670184378594 12.160679136641425
0.38868835282970965 0.4311651425788014 -0.8142589242096449 1.3396866538143954 0.9206764757770195 -0.14748838551886917 0.3613889298617673 -9.529154815886335 0.035724554502411444 -0.8901367626220932 -0.4542908232724359 12.24477746948559
0.5243760326687927 0.5368270851154276 -0.6609433328239557 1.203449294600381 0.8440637371817296 -0.22544304589597783 0.4865509762876001 -9.071622410430976 0.11218868107208453 -0.81301395408499 -0.5713333984648773 12.31395749014623
0.5864052209235304 0.6106285488949407 -0.5322229439425827 1.1697247508797837 0.805253737649913 -0.3683019665205217 0.46467194991875194 -8.652217841759565 0.08772323141122704 -0.7010605395856051 -0.7076853347093004 12.329949390498149
0.6094007338382196 0.6450010291003084 -0.46108996353999604 1.208766348067613 0.7910209316223666 -0.534214480185904 0.2981621962838838 -8.309475979362709 -0.054005998164567734 -0.5464320111968296 -0.8357602147767251 12.263389112624278
0.6031215805228131 0.6493026074995336 -0.4633033846356989 1.2939190083180756 0.7336637143426246 -0.6795070405262281 0.002768032504068702 -8.08559695687311 -0.3130206526299002 -0.34157821154159496 -0.88619530668315 12.109076999918342
0.5503217562010152 0.6421278700978933 -0.5336827570346844 1.3972544450230315 0.5403108078860426 -0.7611823655706372 -0.3586997816840306 -8.02329027373443 -0.6365610770675267 -0.09095408771373 -0.7658440314916388 11.898767587699313
0.42324865927187383 0.6462548640180978 -0.6349919462700017 1.4903120351613308 0.15444569132237762 -0.7420696124136459 -0.6522876501239231 -8.146391383955148 -0.8927523229478639 0.17800832018309856 -0.41389133868267386 11.708228733830522
0.21661943502823439 0.6823141740333252 -0.6982283751538052 1.554934919528977 -0.3666672425491477 -0.6059855690000243 -0.7059295458401306 -8.425740271415194 -0.9047820946485136 0.40893578322543456 0.11891394861715802 11.649754721385099
-0.02265229505655248 0.758189129591179 -0.6516407686970668 1.603056937388577 -0.8262693682019366 -0.38114255969645755 -0.41473998555679287 -8.74367179120241 -0.5628193570150691 0.5290362239352445 0.6351021876297103 11.8262588963713
-0.2022316916433092 0.8587620360568404 -0.4707755584055037 1.6905525785813211 -0.9777071088995797 -0.14930923785934028 0.14763299872320132 -8.906246356430957 0.05649055182832313 0.49013690423364153 0.8698128061070717 12.238607543306669
-0.2359727067076529 0.9488462539361919 -0.20977890551603393 1.8957246003922004 -0.6920639524795077 -0.012546643982297974 0.7217270820034165 -8.754344395613902 0.6821761200485308 0.315488527901556 0.659622921273374 12.709548725477289
