1 0 0 0 0 1 0 0 0 0 1 0
0.9999035597982981 0.0015924809423841593 0.013796622623486446 0.02348741702735424 -0.0015414390609855 0.9999919345103705 -0.0037094371277775506 -0.02284613996744156 -0.013802418485283852 0.0036878127642774317 0.9998979574953495 0.21563223004341125
0.999549380939172 0.002145128610240304 0.029941467583076562 0.04589377779692648 -0.002112435628947128 0.9999971371583758 -0.0011234874630976785 -0.04351993944738054 -0.029943792690459634 0.0010597318696713405 0.9995510177990431 0.47973950513342917
0.999084872787175 0.002068360690902972 0.042722567641435276 0.06652844571342623 -0.0022131653705474577 0.9999919972926363 0.0033423993750024703 -0.06261385147363718 -0.042715310437572464 -0.003433892467182954 0.9990814087061803 0.7839909598262074
0.9987725443722221 0.0026539515228517162 0.0494607526542362 0.0830625114912555 -0.0029858911423327364 0.9999735376289478 0.006638495602836485 -0.07984537994021718 -0.04944182197433934 -0.006778031369761921 0.998754025675164 1.122224261692094
0.9987708589648818 0.005281622345401655 0.049283678955079305 0.09205150492160602 -0.005608225387966671 0.9999632323126041 0.006491075751848512 -0.09519837143437818 -0.04924757882447473 -0.006759490859035205 0.9987637746663719 1.4887516927748692
0.9990276015153107 0.011183097045039612 0.04264746543253452 0.08972254414347217 -0.011243206114645578 0.99993617684133 0.0011698438166289134 -0.10958760912346183 -0.042631655477434735 -0.0016482005807737512 0.9990895355952124 1.8781998960427064
0.9992898480707625 0.021389352790606567 0.031021002679197832 0.07272591248913049 -0.021068031605092935 0.9997214406796545 -0.010648329093560036 -0.1249919650515606 -0.03124011681613106 0.00998721458002729 0.9994620360982933 2.2852532353876507
0.9991806012910608 0.03685048292405183 0.016735725260048347 0.03882587467036504 -0.03633721790155263 0.9988891835002398 -0.03000188378321799 -0.14441531651991035 -0.01782271464720881 0.02936916929315835 0.9994097061745679 2.704842668502972
0.9982794131911814 0.05856901829572569 0.0028036516453937405 -0.012554520915470942 -0.058309705088806646 0.9966252419512417 -0.05777703733954483 -0.17170515048623805 -0.006178130908721283 0.05751414293427207 0.9983255598471953 3.132266797346942
0.996115902202848 0.08775021382083152 -0.0072820958072473685 -0.0800190749508288 -0.08804492428126483 0.9915870459668595 -0.09488570329482522 -0.21134929494464338 -0.001105405793824567 0.09515830201658938 0.995461520810875 3.563314460755316
0.9919884349431032 0.12594894411561303 -0.00978919970906464 -0.16012154441958612 -0.12605360381069564 0.9817390180540091 -0.14247467014561582 -0.26835651324649223 -0.008334091480867771 0.14256717688219092 0.9897500374911061 3.9943471595183677
0.9845261787418171 0.17523444050585552 -0.001050605949056369 -0.24749700295884053 -0.17182664898725833 0.9641681108157188 -0.2021273114611025 -0.3483970442590953 -0.03440670222551198 0.19918013693942338 0.9793586871600598 4.422367912213016
0.9709611596522096 0.23821652955964245 0.022074840584597674 -0.3352399813441155 -0.22309839366086553 0.9349140859115747 -0.2759759987692537 -0.45798913716647466 -0.08638011998894148 0.26303710618177556 0.9609109705647559 4.84446011478874
0.9461537733532325 0.31783456977335267 0.061434725583585675 -0.415504407678735 -0.2748108419053512 0.8889152587405184 -0.3664814922838768 -0.6047461844501978 -0.17109074455517254 0.3298649120384828 0.9283948581478626 5.256748765610124
0.9015877981140853 0.41668205167362715 0.11625642639450834 -0.48043461688665384 -0.31779309116053484 0.8202933067639456 -0.47552758679646623 -0.7974988447283292 -0.29350816553794357 0.3917843640355042 0.8719850276781552 5.652784401304975
0.8248919038385059 0.5355141947809586 0.18104666090562524 -0.5237470978474369 -0.3373919816053898 0.7233727002665553 -0.6024106651731422 -1.045770613515835 -0.4535636433005883 0.4358399741615533 0.7773824359983355 6.021350469237129
0.7010217958536624 0.6705888999277579 0.24264995801818617 -0.5433262155428876 -0.3129924809453687 0.5950490163346185 -0.7402380669917853 -1.3580267840506828 -0.640784035129033 0.4429753788616111 0.6270315453784624 6.344177864367542
0.5168367828170262 0.8098629272058393 0.2774920416949451 -0.5452172073800152 -0.22027229355343517 0.4390309331057156 -0.8710522138589122 -1.7377501142371419 -0.8272604642533369 0.38906798794353226 0.4052976079624587 6.594892712713429
0.2707750226405789 0.9291848213576052 0.2515878505369087 -0.5485223679962672 -0.0390655659585506 0.2717424745319431 -0.9615767816662805 -2.177223088223902 -0.9618496471752986 0.25054250957073654 0.10988014562371023 6.741744996179033
-0.012853806004896998 0.991687390147235 0.12802685651304102 -0.5890024464788017 0.23113911750361388 0.1275164607055766 -0.964528002788761 -2.6498825611112875 -0.9728357765940722 0.017194109562104213 -0.2308568654256069 6.75729040973265
-0.27132185752750204 0.9557588024627821 -0.11362032494493196 -0.7164902835621996 0.5507509296057904 0.05735700548023755 -0.8326966247905174 -3.1059931567157646 -0.7893401349264186 -0.28850533433615955 -0.5419472857365784 6.637069774324364
-0.40698862659343393 0.796017726787893 -0.44801347734638325 -0.979887552681509 0.8274185415640353 0.11349424771118993 -0.549997873661554 -3.479365880956571 -0.38696103671217413 -0.5945375733343774 -0.7048306559625022 6.4228668570016
-0.32342664432892054 0.5334928357704369 -0.7815246216743309 -1.3979096993240145 0.9331774571506996 0.31665487052547553 -0.17002830433769264 -3.7129972941810307 0.15676471466106703 -0.7842928410081911 -0.6002580015902909 6.215045467603198
0.006038177864267966 0.2557472787690382 -0.9667248569494042 -1.9267814178268554 0.7673252092403693 0.6187303808717023 0.1684780281522523 -3.8000984990663533 0.6412298065231641 -0.742809650679248 -0.1925051992925855 6.150509644174662
0.4743173055128127 0.09729464879898694 -0.8749610633219943 -2.4529354108822656 0.34606834830371414 0.8932559795954624 0.2869330560443725 -3.816714985165071 0.8094811596774584 -0.43889366327482776 0.3900162760756415 6.334003195375659
0.8484453989107134 0.1667306574783028 -0.5023358579295765 -2.8373067003177876 -0.14746815940260344 0.985972110443829 0.07818098410647441 -3.9075375248868305 0.5083242099852103 0.007746204735041007 0.8611309981669298 6.750236311245298
0.8902742452345765 0.45460931908813196 -0.02724289905756214 -3.0059696750244393 -0.42960277522615886 0.8184366951804787 -0.3815796140541306 -4.2062606661494195 -0.15117312544253708 0.35141404677306215 0.9239345043545073 7.228018907931234
0.5361826090766788 0.8017973461789879 0.2638737167320726 -3.0251367235939837 -0.2989614636340119 0.47273093199386573 -0.8289437520629639 -4.729711186817442 -0.7893861254011048 0.365577038629149 0.49317653860608757 7.521210330446061
-0.010739448123881985 0.9856967270838369 0.16818671979440933 -3.081846658063147 0.18814156069753704 0.16718427818485382 -0.9678080639946938 -5.335730642879285 -0.9820832824434602 0.021249097071072903 -0.18724598006801335 7.481456637991426
-0.39069036795233264 0.8814832810536366 -0.2652326520420075 -3.3569935050607875 0.7164465183441565 0.11026537480232262 -0.6888731475552641 -5.80562760756474 -0.5779840746445878 -0.4591611267046028 -0.674615140773797 7.191009894269513
-0.3448950787574885 0.5660654555268606 -0.7487438482384061 -3.8819899930923274 0.9250408800186836 0.34028175125804 -0.1688431421044553 -6.005116349723535 0.15920762822738638 -0.7508517533310846 -0.6409950642566837 6.9242534767716375
0.08836203977007878 0.26302458963543296 -0.9607342380458885 -4.505197155421698 0.6741088497291023 0.6942867711898794 0.2520781963102934 -5.990887762712179 0.7333277378108385 -0.6699135188232505 -0.11595853943891132 6.947519398090472
0.609669725809717 0.17110176398001153 -0.7739683799591598 -5.003419856012591 0.13926057376434703 0.938116083741594 0.3170882650558517 -5.967332647559216 0.7803264488543984 -0.30110235751024195 0.548113219513386 7.3215331759686615
0.8889164871753426 0.3258749784118945 -0.3219208823413064 -5.242226079738108 -0.3383287706813126 0.940852398203057 0.018185369397940104 -6.133345142634268 0.3088061140260477 0.09274981573633932 0.9465920027723169 7.869917214913645
0.7865566638426451 0.6039001584228121 0.12896996841499972 -5.253606963633592 -0.5008662404509682 0.7460640327009816 -0.438772969315069 -6.55093504990247 -0.36119495585828404 0.2805230595576689 0.8892947675841969 8.322187762467802
0.39986244419734257 0.8392774612253749 0.3684066118163695 -5.186875351698432 -0.31576965071776353 0.503471873483083 -0.804242431075896 -7.13043939369916 -0.8604649004546514 0.20525465098491172 0.4663377617675987 8.493987647171078
-0.05627354329785086 0.9373830361423551 0.3437242981864148 -5.197814073781864 0.06522193660807885 0.34698583934801464 -0.9355999189848362 -7.714904777377523 -0.9962828923769927 -0.030231222205123053 -0.0806641122382818 8.368285084470955
-0.4020661420663533 0.9055801275710262 0.13515713966517792 -5.368002697348929 0.44666791722634924 0.3228512513014722 -0.8344189808537725 -8.17696207732468 -0.7992688531691744 -0.27512132212908635 -0.5343011522465049 8.053383073663577
-0.5693995298743153 0.8113215160763212 -0.13244458774203977 -5.693313507243762 0.7029953173930146 0.39705292934114045 -0.5900396090396858 -8.464166994272848 -0.42612428480718073 -0.429076248603988 -0.7964369503367166 7.688138691989117
-0.58744497631245 0.7236799452783841 -0.3622094774074572 -6.11962134021142 0.8084375511737449 0.5045576414045724 -0.30306842512077076 -8.587737739325814 -0.03656896022459107 -0.47085982457654046 -0.8814498436535647 7.370534433377178
-0.5261958074342706 0.6814103721506164 -0.5087217943149993 -6.583522537773807 0.8052781045183868 0.5915024691238983 -0.04064691696690073 -8.586139153909322 0.2732129746649513 -0.4310508074094988 -0.8599709279882608 7.137399597116485
-0.44927458449602664 0.6912547178125068 -0.5659675535193655 -7.035179307740934 0.7577531045912508 0.6304217956666797 0.16845996507870883 -8.496158174017383 0.47324700546374593 -0.3531789488619647 -0.807032866175949 6.978413160494773
-0.392473567330521 0.7410354810913539 -0.5448219392035013 -7.441103846265799 0.7216186942516383 0.6153685650947763 0.31715634773651963 -8.341551530587061 0.570290358589119 -0.2686782545901379 -0.7762609724896288 6.859284755489513
-0.3618132889756606 0.8123694527834788 -0.4573259599950092 -7.776877447781663 0.731979143847311 0.5513471245769436 0.40027867740125755 -8.136638142042955 0.5773194771718254 -0.1899269623716398 -0.7941222475500438 6.738859343942811
-0.3391483053609708 0.8871253530473417 -0.3130289439828385 -8.018810858368788 0.7989451158318046 0.4472915027806999 0.4020164116659048 -7.897919044270539 0.49665407324391464 -0.11374980623851481 -0.8604626161272148 6.578992111404882
-0.2899130088178669 0.9486986392643184 -0.12618044357168934 -8.141051541273244 0.9017782740135766 0.31494186551098385 0.29598606130014643 -7.6575226434863515 0.32054100046274897 -0.027976627275804376 -0.9468215166496001 6.3518708965082435
-0.1757255224486789 0.9818089896601371 0.07191512479042718 -8.120553658971325 0.9832807614989927 0.17150670210724767 0.061193087110018855 -7.472943564506683 0.047745920900703044 0.0814659010132678 -0.9955319609658532 6.052245589492843
0.02397013498675496 0.9739616841614126 0.22544231020867644 -7.9527215934684 0.9569088389699972 0.042927183404446366 -0.2871983615952994 -7.423293203663551 -0.28939786213184515 0.22261188693406858 -0.9309635399303482 5.714979463341849
0.2863487249983523 0.9206510556978 0.26534179255280715 -7.673432463374933 0.7417902236694449 -0.03774062104055175 -0.6695693833506542 -7.580154570146385 -0.6064256068690477 0.38855823915296517 -0.693736866718357 5.4287393414616
0.5349855398975569 0.8325069962039321 0.14395426957394325 -7.371853518284825 0.3198372801827059 -0.04186000125786641 -0.9465474844583053 -7.95041960923842 -0.781981478374135 0.5524310782695055 -0.2886611820221598 5.323067598913674
0.6644160047805406 0.7369715887325764 -0.12419542809665365 -7.167586743696555 -0.22185778840150336 0.03580488650822883 -0.9744215691796847 -8.423840379238483 -0.7136741892298879 0.6749749245497425 0.18729230078403164 5.505969348256846
0.5944336291971152 0.6678357115519069 -0.44793342075949905 -7.145191086175695 -0.705653707568141 0.16608971334207184 -0.6888159117902363 -8.78639283187014 -0.3856186923899473 0.7255410783964508 0.5699901073090957 5.977647893185447
0.32214830881560225 0.6466292879656766 -0.6914414564583625 -7.285751499706568 -0.94129119074374 0.2966730796725461 -0.1611096079087796 -8.826781905805403 0.10095390092728113 0.7027487971417918 0.7042391766730821 6.590240525606218
-0.06428143943392829 0.6701654336827442 -0.7394231095609604 -7.457986390440785 -0.8244596166001414 0.38180748308912393 0.41771975706231135 -8.474786306294053 0.5622585681217619 0.6364759712106222 0.5279811471690479 7.1097163282446285
-0.42209707352688797 0.7153517881406511 -0.5568718641158799 -7.4896150922463445 -0.3956198180534822 0.4073421565219264 0.8231389850401785 -7.859788224114681 0.8156712180450246 0.5677539385880382 0.11106939718533201 7.349280612152157
-0.6200098637628717 0.7568350286807142 -0.2068546647225948 -7.268686811143644 0.17657214098707028 0.3914781027324156 0.9030878059095949 -7.238870121711756 0.7644674779620625 0.5233984201406922 -0.3763562113250932 7.275492157254725
-0.5954343833985918 0.7824594771615581 0.18225084127125943 -6.8016929107485895 0.6748468169280467 0.36402606751400535 0.6419246024098803 -6.852055530604862 0.43593587809311674 0.5052152312491806 -0.7447938465065835 7.014079731322339
-0.373632454821017 0.795910935508604 0.4763664338005035 -6.197992823224541 0.9266439336349933 0.34330466057670206 0.15321032532137888 -6.806900732427147 -0.041597023798319394 0.4986662474651741 -0.8657956735761222 6.766649770982538
-0.046827639647433035 0.8074939238062827 0.5880146139648565 -5.6049802952456504 0.8641137138520275 0.3280563147826818 -0.3816897219974322 -7.053072539359196 -0.5011139315417245 0.4902376924060568 -0.7131285655511057 6.705414790821077
0.2693806973059817 0.8230762056465012 0.49998005060642065 -5.140966811489422 0.5318810688240838 0.30564984715010185 -0.789734893406964 -7.435185486991318 -0.8028306755649207 0.4786690744341952 -0.35544247033015786 6.906565153314204
0.4790728019436211 0.8389587776977641 0.2581430694088734 -4.857805363712421 0.05188181700227052 0.2665097409008013 -0.9624351052243524 -7.775836728340532 -0.8762409169774661 0.47446920923755076 0.08415080000768865 7.341751998850608
0.5324855399014146 0.8446178316286713 -0.05550054173053957 -4.739866192736674 -0.43049365583424665 0.21378011212276452 -0.8769114809298922 -7.943516579619068 -0.7287901135429301 0.49083511202051416 0.4774373384075205 7.912680584002598
0.43104529521681045 0.8297347275385888 -0.3545993093849375 -4.7275649785712375 -0.7948949365708287 0.1631995233533691 -0.5843872465101005 -7.8833264475403615 -0.4270159535826691 0.5337663431900821 0.7298982317504144 8.500406553204606
0.21518044085903124 0.7904825006752564 -0.5734415311254322 -4.748117627018112 -0.9744590291798387 0.13516965749405202 -0.17932987357696473 -7.612050703566197 -0.06424524635075983 0.5973833419425434 0.7993786525821391 9.005795059430962
-0.05609334101824502 0.7315983217389483 -0.6794247080929569 -4.74002898439883 -0.9609358168329186 0.1451653937699816 0.23564781531037435 -7.1924494454653605 0.2710284479428776 0.6661015668679875 0.6948761892110213 9.370106475081974
-0.3253011905955537 0.6641495819668504 -0.673115831459354 -4.665792595875928 -0.7919923652816108 0.1975629207841944 0.5776828563424252 -6.7031164326857695 0.516650528231999 0.721023269709964 0.4617339852489489 9.576355426512627
-0.5505319016719387 0.6006665873569652 -0.5797540584283714 -4.513247783039134 -0.5299352845021321 0.28515026532978927 0.7986604185078309 -6.214981233391612 0.6450456150660991 0.7469199115879178 0.16133018059067658 9.638506018737031
-0.7114685845382744 0.550290240018615 -0.4370281026618511 -4.290069117345688 -0.24068569985182764 0.39346978163986684 0.8872724681307702 -5.778794555314746 0.660214726381144 0.7364526754280891 -0.14749427829358389 9.586805266230947
-0.8083483031004247 0.5158770989900177 -0.28362706911572055 -4.0155777063013005 0.02148274758797682 0.507309196912341 0.8614965814803409 -5.422413520436881 0.5883130233234508 0.6902960024742749 -0.4211648383490017 9.45494345261586
-0.8564485836649199 0.49356060974730526 -0.15130843330723726 -3.7137486989764694 0.22130761073073832 0.6158337538918821 0.7561562116662033 -5.1537716605532164 0.46638985950738665 0.6141229856336838 -0.6366585047801402 9.27142946632931
-0.8786060965607249 0.47350727862992315 -0.06198997181657236 -3.4081232716891945 0.34225398556174974 0.7148883078057587 0.609751954503358 -4.9670349122213295 0.33303803155615114 0.5145152484391395 -0.7901647755066069 9.055146566612477
-0.8970352740667893 0.4410026573091846 -0.029069367376968608 -3.1196073199103425 0.3813247133973242 0.8055407877194393 0.45353731144305676 -4.849005172931355 0.22342788834869223 0.3957538979083434 -0.8907634566054364 8.814562863555727
-0.9244592231499814 0.37632392855581737 -0.06128730239243572 -2.8667347163436805 0.34188267594455224 0.8893133411230494 0.3037080688669849 -4.785221388775459 0.1687964282136992 0.2598125174013082 -0.950792239207102 8.549539988191443
-0.95294873219757 0.2545160532778609 -0.1646543896506429 -2.6678565596179533 0.2295201720922971 0.9606326950046222 0.1565438711178319 -4.76565533272083 0.198015498973206 0.11138671191783248 -0.9738498946721611 8.255728839008892
-0.9408671734474261 0.04954893341196719 -0.3351337169961689 -2.54332372301403 0.057012938141889145 0.9982960069934055 -0.0124635579574957 -4.790742067136074 0.3339452009026995 -0.030833464751711757 -0.9420884470284951 7.932226134310138
-0.8080403638638933 -0.2473418693511995 -0.5346900800242224 -2.5122028984666986 -0.1364327803048635 0.9614886431298115 -0.23859253542240175 -4.876991494263882 0.5731123436438128 -0.11984300109615707 -0.8106667797455347 7.593171022611103
-0.46802561544568294 -0.5892892037623989 -0.6585521718751323 -2.575157265459343 -0.26079168719251844 0.8041216854505646 -0.5342065974245221 -5.057243948501664 0.8443581088693267 -0.07827723866032218 -0.530030955340332 7.27927260977298
0.07385654280628486 -0.8373907425260744 -0.5415927401176579 -2.6816680259771077 -0.18546806741860772 0.5220682376278211 -0.8324944857769525 -5.363141744686738 0.9798711596841144 0.16193351916642126 -0.11675091986396667 7.053856999841442
0.6015625401370072 -0.795188459033287 -0.07614863576520883 -2.7102023155555086 0.16405705054985595 0.21627582130053505 -0.9624504270865293 -5.781218560564014 0.7817981223310974 0.5664814106197811 0.2605596080613405 6.958984305234764
0.7219246578935605 -0.37471154941965545 0.5817360200214349 -2.525548535509674 0.6532393459097907 0.09172772761232081 -0.751575085124793 -6.211249303044108 0.22826228410553093 0.9225932053363268 0.31099654105788904 6.937693245605242
0.19922591413600096 0.19955040260811413 0.959421360259908 -2.1322141200716795 0.9176133947946408 0.30563476980225535 -0.2541136329120863 -6.50574961800911 -0.34394091947964345 0.9310035502500296 -0.12221998187827839 6.8109507663284825
-0.6335411163044735 0.4390145651812569 0.6370969321462053 -1.7722048856901227 0.6563896046801713 0.7409037205814756 0.14217949093892063 -6.623010915536639 -0.40960831036817547 0.5082600899896899 -0.7575574836660193 6.420761077870809
-0.9820335770557846 0.049080505954135774 -0.18221356918868065 -1.738661410601512 0.04640972927115437 0.9987440543383151 0.01889601122617966 -6.741981209091925 0.1829123626817334 0.010100028247038019 -0.9830776581170632 5.858670737247101
-0.4095843842064764 -0.6210119257478848 -0.6682705552568174 -1.9942358421666762 -0.2882117963014473 0.7831020387452288 -0.5510769695158458 -7.112258930839575 0.8655492100682938 -0.0331088706488362 -0.4997289685471764 5.458592799743899
0.5012609830459539 -0.8317919065156898 -0.2384541442369585 -2.105356259974461 0.05801740160634162 0.30726291109469184 -0.9498548165630476 -7.724290928461639 0.8633491862215895 0.46229073968157314 0.20227728479465826 5.419308519054094
0.6904531426883898 -0.3211011973379557 0.6482045910649632 -1.7450462782866536 0.7089120137865766 0.12205215799310645 -0.6946565551791672 -8.247414942912512 0.1439400307775005 0.9391475586771593 0.31190347292593273 5.492150080405111
-0.086627636442136 0.3078107062453481 0.9474961838510819 -1.169918554026859 0.8889796243777364 0.4531746958030891 -0.06594429918965174 -8.42311707169409 -0.44967943029214386 0.8365917571531489 -0.3128950406997556 5.243231196444924
-0.902165397205067 0.308797997410102 0.3012345257312569 -0.9452834705876336 0.37683446584641733 0.9040176900723909 0.20186270722668204 -8.423019688214564 -0.20998616510978943 0.29562886675063704 -0.9319388924131926 4.62438678228728
-0.7964961581537082 -0.28687962501288455 -0.5322544493151082 -1.2189222202985108 -0.22110143548816974 0.9575022063056308 -0.18521457553901138 -8.64728733610516 0.5627690981115854 -0.029840377621646735 -0.8260757918854813 4.064416723661958
0.0789396302480442 -0.7722522922193858 -0.6303933762699182 -1.530697992403651 -0.2346407353129714 0.600206532240808 -0.7646545755852636 -9.217725444043456 0.968871988172627 0.20827765661032188 -0.13382152105255424 3.932046192973747
0.747966104529091 -0.6613710274987438 0.05599933930506739 -1.3906995676566494 0.30425202940505935 0.2666558932144559 -0.9145086623707529 -9.842753198529397 0.5898964678678208 0.7010592941489022 0.4006728237138197 4.098549835630858
0.5763821967899789 -0.16538375218837476 0.8002704147300133 -0.8276115617147535 0.8047036218167263 0.2853465000494851 -0.5206056992221351 -10.181329794462137 -0.14225473660896842 0.9440479180829807 0.29755314486490614 4.130703954102186
-0.17725045433961178 0.19762604977222537 0.9641198851471244 -0.2797676623604788 0.815852476233476 0.5773947267324596 0.031636958854442385 -10.196002874489873 -0.5504251013034136 0.7921868183043772 -0.26357734559072893 3.778479124333175
-0.8348885863030203 0.18022583830918126 0.5200775341840449 -0.10881740811724419 0.39244136596858264 0.8574353132293193 0.33285932878693997 -10.120824667029925 -0.38594253318565674 0.48200011255238934 -0.7865907843495672 3.163583792972009
-0.9867869760879229 -0.08078255241798037 -0.14045160707990137 -0.33281723308759514 -0.11732506692655818 0.9541033125959001 0.2755405110310357 -10.19717817584882 0.11174670277188659 0.2883781714559509 -0.9509739842052135 2.5788013503509024
-0.6854873670152433 -0.33034696633927046 -0.6488288648159939 -0.7346016994636352 -0.4400259193282629 0.8979524994101672 0.007700757326687443 -10.502355583480211 0.5800735056592083 0.2907802511004913 -0.7608957514174629 2.226451313521372
-0.2072777563388566 -0.4313535444693451 -0.8780495384756837 -1.0920961671798342 -0.5229864403903562 0.8073789699623299 -0.27317612750061904 -10.969437863266794 0.8267538803802595 0.4025846095227141 -0.39294328073677876 2.1368036900194896
0.21773722096332085 -0.39412197274131916 -0.8928937718469436 -1.2997000197209767 -0.4563779868202951 0.7675551279823923 -0.4500878617872282 -11.488076955857183 0.8627342328851306 0.5054978238721516 -0.012742964751999842 2.2380221790618693
0.49775601740983666 -0.2906416923029747 -0.8171702754122939 -1.3589923548090255 -0.3477644123452931 0.7962450644704844 -0.49502983190592004 -11.972673876970077 0.7945435837514652 0.5305866525465338 0.29526107141370783 2.4473678097680627
0.6366520361146182 -0.17992288405433532 -0.7498685702105121 -1.3221827818162213 -0.25574184763907665 0.8681086499730486 -0.4254225252224267 -12.374322534590135 0.7275101292555212 0.4626187053954869 0.5066693256838718 2.7131356353634715
0.6638976638511742 -0.08403590998235855 -0.743087281445142 -1.249370709661794 -0.18281559876694237 0.945279001879572 -0.27023477645553584 -12.665331671087365 0.725133741449685 0.31525605225601083 0.6122054053697232 3.0108013764381756
0.5928374187493946 0.004142831535952974 -0.8053119989875422 -1.1902066637092235 -0.0932562455630555 0.9936129608036113 -0.06353961072001638 -12.825559306829476 0.7999047270086814 0.11276896838628221 0.5894372803500042 3.3205690925506635
0.4164887805659961 0.10527286934706191 -0.9030257947114423 -1.1778892381823032 0.060526635615043275 0.9878592093818062 0.1430785757395814 -12.842002273503935 0.9071241286469007 -0.11424773542280098 0.4050605509603967 3.607355261990822
0.1340321579904145 0.2398480079556514 -0.9615140081428385 -1.223684494638232 0.30180020114846057 0.9142984335838309 0.2701404119833072 -12.719390915529308 0.9439029247233046 -0.32639257039475317 0.05015944762062308 3.8134870317216087
-0.20721626713752264 0.41629950747628347 -0.885300542222714 -1.3070530950179644 0.5882016308789508 0.7761199679822179 0.22728283056516907 -12.49549803656215 0.7817168265761053 -0.47363844336547956 -0.4056923141562012 3.8678194848925362
-0.4893915318311838 0.6191991092695652 -0.6140759848513035 -1.3651485865016397 0.7980811131897848 0.6018442371539996 -0.02916983336109071 -12.252556977230999 0.35151609185223304 -0.5043578335082287 -0.7887080624874853 3.7184085156619537
-0.5640761494020061 0.8034153588829428 -0.19063793934370168 -1.2979917820950122 0.7835060890367996 0.44789817886377753 -0.4307044226861327 -12.1062884991109 -0.26064790787229003 -0.39231607265456253 -0.8821290278981471 3.3913123903761617
-0.3508906314106107 0.9093364428858891 0.22357100724458817 -1.018096909158198 0.4784987924144011 0.37934365127142533 -0.7919205787286658 -12.146447039053724 -0.8049319896458916 -0.17089918275640797 -0.5682242793062958 3.0421703716141435
0.07920905666501094 0.9011248780252314 0.4262638597153193 -0.5387120978325314 -0.02068222965305045 0.4290006895793562 -0.9030678457310999 -12.344263239570822 -0.9966439147010159 0.06271481605743337 0.05261790272771441 2.9169623496048667
0.5176418250715746 0.7998621322025486 0.3037573358338542 -0.02075720817902127 -0.4844581588421764 0.5666357843614263 -0.6665021119811835 -12.516002336883465 -0.7052293294982552 0.19785135684399469 0.6808137207416224 3.1836981208907993
0.7321745791968874 0.6759990600884835 -0.08334694776448565 0.30858157424109967 -0.6786352429791863 0.7135848094055625 -0.17393056467676274 -12.425388498069577 -0.05810192594612454 0.18390944205337306 0.981224947982636 3.753404801513515
0.6033941984932476 0.6018566226888077 -0.5231492720413481 0.3302524303612205 -0.5040434140620158 0.7962124078628978 0.3346445928156605 -11.971346738726501 0.6179455042443618 0.06176715315935132 0.7837914907477185 4.288184217432416
0.19419451614258507 0.6048081239349056 -0.772332091428449 0.144557567624371 -0.05617679955518523 0.7928845107150274 0.6067778699515423 -11.289323707858179 0.9793536631276175 -0.07444589104170371 0.18795005902427986 4.434384480157718
-0.2887724782480182 0.6591345712526571 -0.6943726039107636 0.006784251598521113 0.43118767829759275 0.7370890719000656 0.5203632890709986 -10.66290824034737 0.8548034082471765 -0.14913837705719785 -0.49706126995322325 4.088130175722225
-0.6145030129164966 0.7171983589745393 -0.3286544785752697 0.1437800410506588 0.718522488020342 0.680808575057837 0.14221870533763592 -10.322869074637993 0.3257497572423961 -0.14875189447141904 -0.9336813921775904 3.4599222039166606
-0.6469765314555744 0.7480072296456926 0.14801268101294712 0.6085865904289623 0.682082310018795 0.6544993173414796 -0.32618308433261056 -10.304839294604252 -0.3408611235431226 -0.11007608654097653 -0.9336476346779164 2.9092857210076404
-0.39736776364274384 0.7516955368531087 0.5263590279944327 1.2735979593732867 0.35690682763320086 0.6550255124509283 -0.6660030566319386 -10.459233407698544 -0.845409492478824 -0.07678715760957219 -0.5285711172510758 2.7107272714129715
0.004952296195336094 0.7471878040216433 0.6645954269318068 1.9310444828363034 -0.10484939997521991 0.6613280187106562 -0.7427334010957245 -10.56735831090163 -0.9944762658948799 -0.06600434278747028 0.08161706705357924 2.9216965171066334
0.3876961956612491 0.7505500680193764 0.5351330980433742 2.4110232444646047 -0.518407350645752 0.6575631278540721 -0.5466859864582447 -10.465086694615128 -0.7621986105549039 -0.06546900164378643 0.6440248445116536 3.39975761116193
0.6111460637906019 0.7625297516785742 0.21224997738220575 2.64824584439617 -0.7448336499275431 0.6447686865780947 -0.171747461280063 -10.105003107123997 -0.2678146743873729 -0.053128301556914434 0.9620049845054778 3.912493978587558
0.6127120316881771 0.7704482737366605 -0.17605271544044132 2.6837603309510425 -0.7321591874660421 0.6372345403444667 0.24057439060794533 -9.549402055381481 0.29753667157773805 -0.0185043941983653 0.9545315074005238 4.255386759852432
0.41198220982004513 0.7595852995305908 -0.5032911371675494 2.6213672999550086 -0.5146945747660769 0.6497793346354738 0.5593543455591967 -8.919108979712085 0.7519049604318571 0.028596968100213407 0.6586516668031492 4.322793413845732
0.08602867287350617 0.724049178891647 -0.6843632538185735 2.5739775305524555 -0.18255755792164272 0.6867355220222358 0.7036107575540969 -8.336273775251613 0.9794246596327202 0.06440475983939621 0.19125961320247956 4.11879550506902
-0.26774485056609587 0.6708014560348355 -0.6916207567466764 2.624313378398412 0.1589338043494197 0.7387443022784489 0.6549793111317951 -7.8854961705768405 0.9502913818552555 0.06544520990383457 -0.30440764412535043 3.7246384895722735
-0.564823253451549 0.6162906094571813 -0.5487820348493153 2.808303039240621 0.4235300452800773 0.787246783428183 0.4481805227654305 -7.600454556253852 0.7082359514178218 0.020716936117132746 -0.7056722862174987 3.25219364826834
-0.7537488626730774 0.5782757749757146 -0.3121873510299165 3.1206623435720715 0.5625767463281293 0.8133387701963315 0.14828507762177634 -7.472544628165187 0.3396636510732599 -0.06385973075137745 -0.938376938335852 2.8037207283071464
-0.8209423012079413 0.5690351149494062 -0.04747563625409011 3.5277346232341382 0.5678141098724925 0.8047302248970608 -0.17319762167313005 -7.467407673916316 -0.060350239114296225 -0.1691426076023096 -0.9837425254170624 2.449058671336654
-0.7848161184899246 0.5905991051984513 0.18776961471019393 3.988024658641484 0.4616357697098283 0.7592745174906577 -0.4586889508610268 -7.543333284114736 -0.41346953717894286 -0.2733052692566495 -0.8685320079952882 2.225956014790976
-0.6828990278664728 0.6373279077206155 0.35701978147176844 4.459615765494149 0.2841218663920098 0.6819670495890843 -0.6739411126902323 -7.660215260867902 -0.6729966412850488 -0.3587965010654889 -0.6467930952922515 2.1409516560371165
-0.5585434340824684 0.6991137282524563 0.44639712125407693 4.908394630082181 0.07897724683996722 0.5805455286614248 -0.8103891008611211 -7.786788958924726 -0.8257073146424619 -0.41738214696627735 -0.37947380765104116 2.1798011956974004
-0.4494682900993581 0.7649449962902758 0.4613443518446731 5.311792050034651 -0.1163609122513834 0.4619156816418304 -0.8792582479223469 -7.908908857018244 -0.8856856539607781 -0.44888101477665787 -0.11860675196445189 2.3132346380693214
-0.38433928918147825 0.8244824479293748 0.41534719874779175 5.658099127934703 -0.2743842622602051 0.32755604425155743 -0.9041136081745168 -8.024862959287974 -0.8814745364896487 -0.4614509601058283 0.100332211531905 2.5125936506339004
-0.3805362763659624 0.8671133617541954 0.3214154241114836 5.943134548054509 -0.37494490723059914 0.17304545595622262 -0.9107539181896833 -8.14401789263766 -0.8453456214756999 -0.46708783376544516 0.2592694287167443 2.7533762366022767
-0.4428439665417075 0.8776937131353783 0.1831508600429245 6.164174895706966 -0.3979184148146263 -0.009340559980350707 -0.9173738582767494 -8.281630164090624 -0.8034618428126162 -0.4791323957272784 0.3533866270099982 3.0176665699717193
-0.5569439064922891 0.8305006113106688 -0.009135934234951357 6.313513437315894 -0.31562781429554465 -0.22181313201708028 -0.9225936691284006 -8.45400922183943 -0.7682403829096336 -0.5109491741479723 0.38566631435757254 3.2934075292954494
-0.6739134214201314 0.6871527435491069 -0.27140945213140333 6.373476298525074 -0.09489112877819436 -0.44482125670055844 -0.890578893713702 -8.665589924998173 -0.7326917133676838 -0.5744184805488747 0.36497552477590134 3.570412963467043
-0.6918711193809252 0.41328349535513886 -0.592040877951456 6.316418060527887 0.2696999345956626 -0.6126950840612927 -0.7428780262837577 -8.898437914042137 -0.669759057554716 -0.6736488631246701 0.31244343901891053 3.8405719145349653
-0.47703278722516096 0.02730365183318211 -0.878462019760556 6.117620491853362 0.6884700385936668 -0.6096802826084625 -0.3928104336567259 -9.096616957777277 -0.5463055835661245 -0.7921776803529449 0.2720397830476362 4.105080813417317
0.03426067796593756 -0.34096020657952014 -0.9394539011338192 5.807526547669648 0.932085258809616 -0.32827952930720006 0.15313615523847476 -9.163303551719643 -0.3606165438865392 -0.8808969599830716 0.3065569560766635 4.380818645614078
0.6695491282953229 -0.4509999824785858 -0.5901730331624316 5.511469957245716 0.7193244230973103 0.19566015118709473 0.6665511739439596 -9.031283823253055 -0.18514127098094701 -0.8708139103234821 0.4554192585936427 4.709727732825347
0.9881792663666622 -0.1224469812945154 0.09224828948798061 5.411471322845674 0.013250151979882935 0.6676878232326912 0.7443241607177011 -8.781893125394433 -0.15273347156380684 -0.7343028273053225 0.661417231909096 5.130851555338031
0.6122388749837804 0.4894308461804611 0.620984942070888 5.5602691977268135 -0.7184131243250484 0.6723590645255958 0.17837299345003876 -8.667199608606458 -0.33022356796204533 -0.5553303268814976 0.7632571732284096 5.634061275799995
-0.24181258164771885 0.8595749157720186 0.45017652281775605 5.730413102926166 -0.7710249484953358 0.11145749423688082 -0.626975881726842 -8.8967864064315 -0.5891078158109252 -0.49870790217537 0.6358012774523906 6.127715653822036
-0.7447626936051013 0.5679994607628197 -0.350294718017486 5.575456549542696 0.012367519736416612 -0.513081835458325 -0.8582511651201102 -9.325670183648631 -0.6672154062654712 -0.6435254121656064 0.3750992940910915 6.5197826798337175
-0.29285026906235967 -0.1261582778050395 -0.9477995590397388 5.066141295751618 0.8384869339589374 -0.5102959196445577 -0.19115101259515016 -9.503271361727643 -0.4595426010206998 -0.850695537278047 0.2552224247336559 6.836614752634071
0.6492342703984874 -0.4367146290355185 -0.6227169085526827 4.640519497215302 0.7363489076915347 0.15584641407438557 0.6584095400841943 -9.211935505870553 -0.19048893079619614 -0.8859982699969896 0.4227550194511824 7.221837889588157
0.9602433943391822 0.020852079153708503 0.2783863800762671 4.6995605082517296 -0.21123961354875062 0.7062321798021988 0.675732815177121 -8.832494683088091 -0.1825150897018715 -0.7076737590119824 0.6825590292380107 7.754109149062647
0.24445524862799792 0.6940750041881734 0.6771282309766893 5.038889399915947 -0.8605140889439875 0.4771549334684139 -0.178436429245286 -8.911817845857332 -0.44694311219359967 -0.539058462517664 0.7139037338470375 8.320225646078821
-0.6277885851897503 0.7724281861190712 0.09611083342440971 5.066370933020646 -0.42005102394794797 -0.23223797422965872 -0.8772818879708075 -9.428353942520376 -0.6553161097680988 -0.5911188289654883 0.4702552690742502 8.745997910210193
-0.6150134560002998 0.2027840731977866 -0.7619962481281618 4.572771577147984 0.56344156072929 -0.5630294925214472 -0.6045927022369004 -9.791613947273758 -0.551627586688844 -0.8011725109232567 0.23201375310330005 9.022162965289896
0.23063353307394605 -0.3139978891019739 -0.9209857007225406 3.9995200963017528 0.9387935804446893 -0.17709782826042444 0.29547231488213016 -9.59722999322215 -0.2558821314484503 -0.9327605530698811 0.2539345652544538 9.314015959916414
0.9381954313187965 -0.23429648612754495 -0.2547462295191335 3.872734337598745 0.3350343063102009 0.43010081950861984 0.8383115392467222 -9.106294968038178 -0.08684706313709432 -0.8718481262191063 0.4820157138691469 9.751026976392707
0.8070299333774592 0.2708604194889934 0.5247270824503828 4.202537102067074 -0.5602936544987908 0.6318465295042205 0.5355762399769531 -8.884115175005004 -0.1864806472354061 -0.7262268715856219 0.6616798320000297 10.283638106521177
0.04880300277294035 0.6711866863040005 0.7396809564177633 4.552578494694382 -0.9084255454891006 0.33766794534832584 -0.2464637389418183 -9.171096277168868 -0.4151894339049705 -0.6599165796254592 0.626201691171491 10.761018036251205
-0.6482789029213002 0.6866540602668595 0.32900129232202774 4.538267058349708 -0.5230863114059937 -0.08765953706147785 -0.847760262576459 -9.72944583357591 -0.5532773829443158 -0.7216808023948721 0.4160067727113153 11.091005489897977
-0.8408868086391774 0.44044313078298575 -0.31451620088615223 4.125742336447486 0.18876058772932278 -0.3059691826955957 -0.9331416062413314 -10.168422322528976 -0.5072274711791147 -0.8440342659598539 0.17414705603996455 11.29755737341871
-0.5647210023517986 0.19546888077595892 -0.8018000869374282 3.5356435510933535 0.7563543724137783 -0.2661152974525108 -0.5975882306369253 -10.272806590883055 -0.3301807292253385 -0.9439150082176385 0.0024373355083676 11.461979278793537
-0.10081524591459234 0.09926432065593364 -0.989941443764715 3.0035632047372838 0.9872521728672127 -0.11319980949652439 -0.11189210567086452 -10.06175009954079 -0.1231679006234145 -0.9886016390467599 -0.08658632332806693 11.646500709250343
0.31119418745685007 0.14306058118146853 -0.9395174773324678 2.647976378493486 0.9492595848605893 0.00048311886944391334 0.31449476409941113 -9.666424188586468 0.045445646319234985 -0.9897142405851141 -0.13565090714233694 11.864895746476053
0.578663076215471 0.24786205120017551 -0.7769907982822225 2.476821848029823 0.8010193894202579 0.006414724577362362 0.5986048294411174 -9.209237160395894 0.15335539459925812 -0.9687745306675274 -0.19482995009172088 12.093948317670757
0.7164211743768056 0.34436494737477097 -0.6067575985656514 2.4467607643649405 0.6689084671112179 -0.0919104596676302 0.7376414739868343 -8.760525108958511 0.198250203573013 -0.9343266326099517 -0.296194778564268 12.294169881564752
0.7731787109507118 0.4005806826885881 -0.49166162074724634 2.507263230633695 0.6105360918966216 -0.2604045609437026 0.7479546969341466 -8.351908870860283 0.17158497561708722 -0.8784791982818688 -0.4459076869672418 12.424028986219032
0.7822443947121245 0.4162907648983691 -0.4634620398086875 2.615151866174057 0.6209044959281071 -0.460417626077923 0.6344243975600947 -8.00472962197747 0.050718723297188344 -0.7840400771656235 -0.6186352492042436 12.449697611849246
0.7424509629458214 0.40985536374196935 -0.5298928982621466 2.73298181073506 0.6437691257075316 -0.655297281314672 0.39515550794340365 -7.74912134338103 -0.18528076852801678 -0.6345118765115088 -0.7503775803162532 12.356378296502463
0.6233511640979009 0.40831708815938705 -0.666867144856062 2.8261712846428373 0.5864337844660931 -0.808243200738013 0.0532862984628082 -7.626412419667982 -0.5172328223173499 -0.42428930058204384 -0.7432695204382506 12.161918275291397
0.39467512362688145 0.4401083331996075 -0.8065590539985308 2.867689784286109 0.35938786496336805 -0.8818284008832945 -0.3053196857587768 -7.67609447322052 -0.8456197840935915 -0.1693654662684725 -0.506204782655464 11.929054173663182
0.0728141315726748 0.5254544744026631 -0.8477009950444543 2.8540391288940383 -0.05291377359992059 -0.8467248164263674 -0.5293942182208571 -7.907098769832966 -0.9959412732818622 0.08340220861812885 -0.03384961641705136 11.767828753952063
-0.24901416940104174 0.6621825267921759 -0.7067584452823924 2.8283669704254164 -0.5337022393410413 -0.7027686200904341 -0.47040323985680627 -8.256779644529612 -0.8081798690836418 0.2600611092267094 0.5284073208596048 11.805928938097368
-0.42970976614121775 0.8156975521329632 -0.3872832187980381 2.88694892327216 -0.8608958428558096 -0.4994863088695572 -0.09681326191574874 -8.569936646915474 -0.2724128265924784 0.291808521545604 0.9168641307439319 12.104508888890578
-0.36725390373298045 0.9300967575996454 -0.006772521472435368 3.133360072473088 -0.8365284874146882 -0.3271074986601841 0.4395699955280054 -8.657767240163437 0.40662695090390605 0.1670989033501583 0.8981833390450589 12.555354221253475
