1 0 0 0 0 1 0 0 0 0 1 0
0.9998885991978668 0.002327669358674135 0.01474459895587129 0.024108506739139557 -0.0022727049642212727 0.9999904580788043 -0.0037434197495773576 -0.024339385330677032 -0.014753170311450958 0.003709492456807212 0.9998843081305253 0.22047556936740875
0.9994538545958404 0.004413142004026653 0.03275047921934285 0.04807242024005244 -0.004361220518832372 0.9999891869650909 -0.001656632053754159 -0.04843967894283375 -0.03275743250238564 0.0015128950161086682 0.9994622519147037 0.49422107142150573
0.9987964143730435 0.0068611700360245295 0.04856677637563943 0.0717848025336009 -0.0069413685973296925 0.9999748545166154 0.0014828306687436853 -0.07347750102761846 -0.04855537938934847 -0.0018181659167334527 0.9988188800681997 0.8135332606388197
0.9981677454811978 0.010794720466223338 0.05953735033735679 0.09346785641171546 -0.010958295156526842 0.9999371125496183 0.0024216059893354147 -0.09937740284982728 -0.05950746002361212 -0.003069596924697259 0.9982231823050575 1.1715587078672953
0.9977457363357589 0.017323921831303133 0.06483352669770659 0.11022732574387889 -0.01728190324541871 0.99985002552818 -0.0012088960925609085 -0.12643872209681215 -0.06484473983254076 8.572368063403856e-05 0.9978953884902555 1.561671209605333
0.9974962480261333 0.027504086615223165 0.06515204012549775 0.11883752875660501 -0.026827186895943295 0.9995769810143802 -0.011241870935834387 -0.1561570650871017 -0.06543366773146438 0.009465876897262648 0.9978120680473732 1.9777020301553792
0.9971561490848538 0.04233148454871922 0.062351854824896656 0.11659903410489748 -0.04057912119743004 0.9987523795532529 -0.029108174851628962 -0.19127440729600442 -0.0635062443233938 0.026495208894857555 0.9976297610888801 2.413650500293103
0.996358788225192 0.06197945449432565 0.05854760416287032 0.10159618081077908 -0.05872365478487739 0.9967145796474782 -0.05578362214881006 -0.2343092660927187 -0.061812677775295456 0.052142367141863655 0.9967249362840759 2.8601174616680622
0.994506372662131 0.08770560184245758 0.057139190901702955 0.0740274985248364 -0.08222225678382233 0.9923472272084541 -0.0921233221168581 -0.2895479190739532 -0.06478163723679112 0.08691911133167546 0.9941069513443249 3.3112214819532233
0.9906036815366047 0.12174167829724156 0.06231686661672347 0.0365578449497406 -0.11215693133069303 0.9838868593493737 -0.1392395510574849 -0.36276982051518847 -0.07826399460711055 0.13094193608130178 0.9882960634796061 3.7631556383426203
0.9828356878222463 0.167017636004085 0.07835326762772364 -0.005898533572752607 -0.1487727854226748 0.968698355332035 -0.1987218748468718 -0.46054005055114305 -0.10909072580927336 0.18365410397037096 0.9769189199265514 4.212156636031545
0.9677323561617484 0.22719519920297088 0.10897969472483186 -0.04649589595424991 -0.19068344717869953 0.9430155269485508 -0.27269358228332524 -0.5903698059486808 -0.16472419644646016 0.2431137569656737 0.9559089271188138 4.654362146570905
0.9390539132273715 0.30616286384629915 0.15634012735079897 -0.07720560299444147 -0.23348947918338828 0.9018205974625335 -0.36359675139451675 -0.7604897622981809 -0.2523105281877578 0.3049331474743604 0.9183438686205647 5.084183087209372
0.8866940989133318 0.4070988518078369 0.2191900249654316 -0.09004850485630052 -0.26828685775952815 0.8391201671212297 -0.47318055945147314 -0.9796010346839124 -0.3765579756425462 0.3607605846456711 0.853262055581854 5.492422744019478
0.7962210247997751 0.5308165691125847 0.2902860131342272 -0.07907647494060424 -0.28045580314580937 0.7489753485468105 -0.6003172262971116 -1.256974142118069 -0.5360753243439073 0.39657277964822685 0.745220442325696 5.865178999936035
0.6506322290000848 0.672429187724833 0.3528693988119964 -0.04384092646034336 -0.24919222988962503 0.6279955429108859 -0.737241589789722 -1.6003340174207565 -0.7173430497903186 0.39174081919885667 0.5761582318064173 6.181266671010959
0.43654379093893103 0.816600374592807 0.37761554029590083 0.00550550926917652 -0.1500934945089644 0.4799415488544543 -0.8643658930148949 -2.0113132946918117 -0.8870747311935367 0.32065595227917526 0.3320818886178429 6.411772065193331
0.15691242624665144 0.9330104583350715 0.3238365755338011 0.04265153723568614 0.03588030465029712 0.32229654303033184 -0.9459587084185989 -2.4788567398267176 -0.9869605826556265 0.1600520978708357 0.01709566370445664 6.524778251974666
-0.15143341353074466 0.9768362900640307 0.1511917572883605 0.022184567587121604 0.3049791919886621 0.1916665334045882 -0.9328729725104029 -2.9721838293357608 -0.9402424066089264 -0.09515768107012149 -0.32693938482785817 6.498155072752725
-0.40514943727027025 0.9012875907216497 -0.1534103759996704 -0.11428105803314427 0.6094002673460602 0.14113981261319575 -0.7801994382910128 -3.4366878398494474 -0.6815317084407617 -0.4095855234452081 -0.6064275091688384 6.3415565412888775
-0.48695805232357803 0.6865579148210236 -0.5399168866514701 -0.41538371267135255 0.8472362098123396 0.2210573634782209 -0.4830370551134824 -3.8056861899804857 -0.21228036269361814 -0.6926557013247454 -0.6893223136999368 6.1199281171782935
-0.3007089068845647 0.37659985158325826 -0.8762116833278155 -0.8818160146260479 0.889717876033142 0.44165340685121174 -0.11551949610728628 -4.031217992240234 0.34347711983310786 -0.8143186957478997 -0.46787679085498307 5.957307791480276
0.14054861495606666 0.09443777759275965 -0.9855596194372144 -1.4339792240253018 0.6569238310819844 0.7358612957831147 0.16419380543053871 -4.128001510934491 0.7407411465139492 -0.6705146726871409 0.04138567924610972 5.995164946848384
0.6554764207586453 -4.904882163418307e-05 -0.755215747399568 -1.9202604638358685 0.21050723229087578 0.9603793148614621 0.18264364845095107 -4.197334387270433 0.725284580558246 -0.27869694396191247 0.6295160637057178 6.303940804459506
0.9478571090294714 0.1838524806094984 -0.2603177239776971 -2.195405642153083 -0.22060659119846215 0.9680026329865655 -0.11959965706013201 -4.392044633072321 0.22999964173285437 0.17079116999846963 0.958087023977005 6.796558660744178
0.796218222787428 0.5648553683187392 0.21673743320426112 -2.2354364622051364 -0.3535448385748687 0.7251071803692426 -0.5909535503211301 -4.814753436499245 -0.49096091902371425 0.3939015803642132 0.7770451281303024 7.2353050432323585
0.2589892767512373 0.9008279661914768 0.3484733121846242 -2.1931694259325716 -0.06613603204322503 0.37647577835694546 -0.924063004291032 -5.417379183879052 -0.9636133549985132 0.21627585950574832 0.15708040476731228 7.380196168552461
-0.3063546287926254 0.9517269517866392 0.019047627987228668 -2.3093199486759755 0.4640748693881883 0.16679372957898397 -0.8699510459436125 -6.0049168576803025 -0.8311327403264559 -0.25767382384254134 -0.49277049947020357 7.187950941957837
-0.48851201376975045 0.6778885588109602 -0.549384436147346 -2.722986844912886 0.85679936073085 0.2535513146315895 -0.44900675212826624 -6.3739901943742865 -0.16507941369009768 -0.6900571697591698 -0.7046772832817971 6.879826187924021
-0.1506807753700817 0.2867602010840348 -0.9460781839734655 -3.3438076064890425 0.8187994626427038 0.5724593981104882 0.04310547223829901 -6.480281647580611 0.5539522042769346 -0.7681529447079527 -0.32105781344493817 6.783518231942087
0.45349632652664634 0.06809261803906844 -0.8886532129401692 -3.914008006687195 0.3786674574952235 0.8878889165409785 0.2612750310795704 -6.481173484129201 0.806816206399231 -0.4549911744359841 0.37686971874007746 7.069621556002922
0.8878930861130251 0.16333698700394098 -0.4300778797546511 -4.212128044973227 -0.14588326811003624 0.9865672780385971 0.07350790264774217 -6.609023247472459 0.4363073890644166 -0.0025258893419283696 0.8997942012511917 7.617248616968576
0.8717849747651443 0.4764199147853703 0.11408387291555228 -4.21688628568339 -0.4089709673397428 0.8359802504973451 -0.36589627276150233 -6.990941365818245 -0.26969199476759226 0.27232597610244835 0.923636785264477 8.121829522518988
0.45282389881331575 0.7849907734265008 0.42277668161366294 -4.098628017718702 -0.28254838995064124 0.5760796098467632 -0.7670065257905799 -7.570215714778158 -0.8456458876987692 0.22786414423006457 0.4826604059771834 8.33029989032572
-0.09244021274209323 0.9226118411611114 0.374489420906108 -4.0752454756338965 0.10434721205102086 0.38300508476406186 -0.9178338982088101 -8.173726659355733 -0.9902356264920122 -0.04576765748520717 -0.1316770689743683 8.196428252174215
-0.48790386718558165 0.8705844225758532 0.0635040703262143 -4.271896609929898 0.5123621443963045 0.3445246597611882 -0.7866308790967159 -8.639949718145179 -0.7067072134706445 -0.35126294179476564 -0.6141493913012034 7.8598246845951
-0.6141550201588258 0.7200575824599621 -0.32300292524896596 -4.680966639347969 0.762458010422226 0.43576641218947654 -0.47829462871465617 -8.900035903326396 -0.2036458483501417 -0.5400229814292499 -0.8166417463620922 7.516791549488964
-0.5130131191483503 0.5790403050087111 -0.6336639873121955 -5.211877563435443 0.8078906982017656 0.5751544585200742 -0.12849236137655926 -8.975778827973782 0.29005234406158925 -0.5778492959239648 -0.7628630306091583 7.3058267377637955
-0.3009169860684545 0.5088111042409297 -0.8065732315507277 -5.763196857246781 0.7033547004739423 0.6895681748229079 0.17259252890496665 -8.93024041250882 0.6440041571705258 -0.5153708374967025 -0.5653774870535203 7.270567338044166
-0.08383050966676259 0.5156610486473044 -0.8526818328069946 -6.266045330913202 0.5376768725841775 0.7438475219088373 0.3969820760429791 -8.820401425850985 0.8389733545945778 -0.4251878905614723 -0.3396161693410085 7.384471811809411
0.08021873270404209 0.5750075420663339 -0.8142060300060826 -6.69019774908619 0.3863800334887676 0.7350365975699226 0.5571642142110527 -8.675560324711908 0.9188447519362741 -0.35928775499047 -0.16320778642069939 7.592063375479783
0.17769453057294224 0.6565880438477 -0.7330190963550345 -7.0308987979565165 0.29730959102844734 0.6742471974469225 0.6760163146795276 -8.498844072197144 0.9381001819633228 -0.3380578067206463 -0.07539992621333755 7.836172348463331
0.22074223457638031 0.7378725128419331 -0.6378222614598866 -7.293019726317893 0.29605983811724523 0.5724057889493248 0.7646571371828186 -8.279862954213856 0.9293125589811152 -0.3576254499651183 -0.09210029818902449 8.065870179376764
0.23041132072805268 0.8063693258003248 -0.5446827182381286 -7.482381555692466 0.391532185925053 0.43561151895129063 0.810521701555181 -8.010077447773888 0.8908498917598906 -0.40001396091475305 -0.2153497001691973 8.233313084818763
0.22665513805154974 0.8571372676598098 -0.4625399399884566 -7.602855284685988 0.5717056919951727 0.2673957969928546 0.775662484266794 -7.698739795923393 0.7885305188130429 -0.44024439575364627 -0.4294235796798562 8.290161293427959
0.22309894226218868 0.8897605587693836 -0.39818724494162666 -7.659093778910224 0.7888246542714387 0.07519851080805577 0.6100008848052293 -7.386759666537648 0.5726978971724004 -0.4501902633081205 -0.6850883092030243 8.192763598971284
0.22343719167402115 0.9065598834797179 -0.35808514482877496 -7.658269975730586 0.9511445160949882 -0.12247944601725293 0.28341323406201063 -7.156274894504068 0.2130731222436724 -0.4039156034194599 -0.8896359274363106 7.9230359263000505
0.22088388880280196 0.9122113395912502 -0.3450806862359128 -7.613619447933253 0.9413134203045113 -0.29198678497641956 -0.16933058463260683 -7.115708308930626 -0.2552241601056979 -0.28742653714269123 -0.9231720369482996 7.523205429313111
0.20176897461378177 0.913371646950827 -0.35361197154910956 -7.5414207917429215 0.6751832967968121 -0.39125205275938557 -0.6253394772391753 -7.34834554782244 -0.7095186692066856 -0.11257865314585452 -0.6956359038663015 7.124776972570546
0.15549607061909482 0.9173143561680587 -0.36654506318670205 -7.45500245971792 0.1726797613147256 -0.3905863546975664 -0.9042257081266919 -7.8314292940170045 -0.9726266436529445 0.07730876808813997 -0.219136387484832 6.920250526637886
0.08322784596841014 0.9286689182048758 -0.36145142457393836 -7.352348338441602 -0.41722597182187454 -0.29691654219756175 -0.8589314130142044 -8.391168369649797 -0.9049837990263139 0.22229407538761367 0.3627529384813741 7.065117647108838
0.001318356487598901 0.947164637731914 -0.3207449438674689 -7.213899994966637 -0.8691166188715966 -0.1575572474650412 -0.4688412532756856 -8.764159105557372 -0.49460561070478043 0.27938301253860165 0.8229887027556768 7.552221650572394
-0.06574621449686162 0.9679090040206877 -0.2425478310293061 -7.012160973008251 -0.9912294489345204 -0.03542637470795523 0.12731538840172732 -8.750951375112264 0.11463703288600317 0.2487912376814126 0.9617490177403928 8.17525539034246
-0.09704573556483914 0.9849841829068292 -0.14278729119844236 -6.731651092511267 -0.7257444963444941 0.028142528383059456 0.6873885246763735 -8.355093652825184 0.6810850956973528 0.17033541863718363 0.7121157314237918 8.635273621495404
-0.08636016039788375 0.9950792639750007 -0.04857117373397015 -6.380666110591152 -0.18048487741353575 0.032320075702084186 0.9830466515403544 -7.787355177957675 0.9797790353441544 0.09366263964716082 0.1768056495385944 8.717652738024476
-0.04466725364049962 0.9988902463204069 0.014933942340553664 -5.989089708479076 0.42559454016110576 0.0055025735889766576 0.9048972378198705 -7.337152434855694 0.9038108402852346 0.04677529391039526 -0.4253678961461067 8.411506267396515
0.005740887262095481 0.9993779346871366 0.034795831654400575 -5.593078318679688 0.8656797621770309 -0.02238499189777386 0.5000974755583745 -7.2119771525208805 0.500565359035792 0.02725125686543749 -0.8652696425724269 7.892407317259561
0.04133256785987975 0.999048697430805 0.013900456457247754 -5.219343505897509 0.9969356323443193 -0.04031237132778463 -0.06703920745793919 -7.450095852672126 -0.06641494917863686 0.016628974565160944 -0.9976534075737322 7.408441043418966
0.04619661370779091 0.9983935153161494 -0.032804722360632775 -4.877358920627775 0.8012720001399904 -0.05664595025746646 -0.5956125645056178 -7.936283602073814 -0.5965138513496855 0.001229988934963028 -0.802601681493155 7.157083581699081
0.016236215156786166 0.996192999127299 -0.0856494334131697 -4.560983803623782 0.36990327678733415 -0.08556770410916462 -0.925121487199232 -8.481105503790554 -0.9289282615877339 -0.016661327059211205 -0.3698844747382953 7.2163103548223635
-0.04155896467133174 0.9909645692677105 -0.12752266488546546 -4.255874136211712 -0.14777731101042094 -0.13232567408331497 -0.98012850461238 -8.908736599248993 -0.9881471032252451 -0.02188796702721967 0.15194122915268368 7.5432921993168005
-0.11377572154512706 0.9822962059426514 -0.14882612515508892 -3.947493898127084 -0.6027661924914811 -0.18732857378559284 -0.7756165798588739 -9.113160612961979 -0.7897646343747579 0.0014612139184255548 0.6134082115954007 8.020013482885512
-0.1858228706017222 0.9713249003148581 -0.14831663114752128 -3.6268697895141195 -0.8903372367945364 -0.23030185519007923 -0.3927605639991585 -9.073098534759009 -0.4156558020128466 0.059068104669548274 0.9076019153906486 8.510059801362283
-0.24642333236671565 0.9601728434603378 -0.13169549177871953 -3.292529210181877 -0.9688505578732868 -0.24061234646215904 0.05860440882318918 -8.833362376243013 0.024582637353083223 0.14203491381741037 0.9895563563737364 8.90359515374072
-0.2899727595014004 0.9508751176594565 -0.10840809163181178 -2.949548631324024 -0.8551327927063146 -0.20656727867848734 0.47547663089822984 -8.47254083262027 0.4297251476960749 0.23057874722652075 0.8730233044854315 9.138359122683699
-0.31673454240250276 0.944387718812226 -0.08838030288308497 -2.607114797417415 -0.6050085236698307 -0.12938790531887237 0.7856358281327397 -8.072461799857198 0.730509270150144 0.30230899427625013 0.6123442461485459 9.199257168036539
-0.3315482135354337 0.9400751209579808 -0.07958962341462764 -2.276010787540552 -0.2893170396638925 -0.021014318106122663 0.9570027586106931 -7.698241611728744 0.8979817796991442 0.3403193355668916 0.2789471089088152 9.105360064250883
-0.34192432868679684 0.9356915965648428 -0.086999787250161 -1.9667323704235244 0.02644489430653944 0.10212395243308212 0.9944202751692964 -7.390302960190833 0.9393552643371428 0.3377159382760577 -0.05966278571391497 8.893233127628683
-0.3560956387899646 0.9276170711621216 -0.11279372357286023 -1.6885474909947311 0.29459884249312934 0.2259940601127295 0.9285141392550236 -7.165151168295689 0.8867961421711014 0.29741111353968164 -0.3537502461839388 8.602957655717791
-0.3813893785707044 0.9108564520524413 -0.15774237444928746 -1.4494194049559965 0.48907505614758173 0.34362248968352815 0.8017041088173307 -7.020690361797945 0.7844410968717456 0.2286137744281189 -0.5765309575969453 8.268937247313344
-0.422649409093706 0.878351991319443 -0.22330519256897632 -1.2566406899957026 0.6019086957567085 0.4562512536379456 0.6553937747197567 -6.942974291407986 0.6775496531700093 0.14259267908680615 -0.7215218714905656 7.915517469440026
-0.4796807949505489 0.8194223572265938 -0.3137727434699866 -1.1181067199842034 0.6349497316666864 0.5709698919463426 0.5204157301677891 -6.912574816980776 0.6055950001370344 0.050403759385429736 -0.7941751681664843 7.556625978479506
-0.5419480932511552 0.7179500061372865 -0.43685242389793405 -1.0440671380045874 0.5901168019658961 0.6951964013452816 0.41044415964374104 -6.910167655130755 0.5983765314271665 -0.03535425903337849 -0.8004346259513336 7.198866636235363
-0.5792345248277393 0.5530382581195159 -0.5988622421192289 -1.0488039748058078 0.46322928282761405 0.8278223730326649 0.316431650669477 -6.921808474070471 0.6707502519327744 -0.09412212430188402 -0.7356867834850914 6.847725803113709
-0.5319922042302893 0.30854748635729684 -0.788531981584105 -1.1494489359752025 0.2498182414102916 0.9469869258176677 0.20200703478044182 -6.945529453079944 0.8090580502421187 -0.08952327461941376 -0.5808705350048756 6.516273551139265
-0.31912554139965393 -0.000489157910649132 -0.9477123305301856 -1.356223759321463 -0.027629642583521213 0.9995797376784611 0.008787800811397887 -7.000106149596565 0.9473095122001666 0.028989512464719987 -0.3190051190055716 6.232683712634665
0.1054970648485529 -0.2888036714093414 -0.9515581153150714 -1.648170949881285 -0.27689888806196467 0.9105211822932768 -0.30704792945949816 -7.1306927134276465 0.9550902479313423 0.2958780457588347 0.01608761713954241 6.035947254285705
0.6431082683187199 -0.39051675262485847 -0.6587172842393103 -1.9435206478022589 -0.32703588055188665 0.6377469954815173 -0.6973711540541714 -7.39367723043817 0.6924301303502347 0.6639092249941282 0.2824270841754161 5.944349624639674
0.9859503340923499 -0.14962343984412874 -0.07426224115788305 -2.1089467820607277 -0.03253482696541209 0.264050001418139 -0.9639602554100662 -7.802091361959462 0.1638402356243995 0.9528328608651074 0.2554720543964516 5.9006745211995195
0.7830999161583272 0.3838347937169258 0.48931122436908453 -2.0617990817702285 0.519391286081382 0.029067737785563985 -0.8540421842505522 -8.259372492634776 -0.3420339480250322 0.9229442969816407 -0.1765974180935602 5.755427517293094
0.04616719552435179 0.8403045102701128 0.5401454153574563 -1.9165157545014284 0.9229593125891915 0.17095855944208038 -0.3448471991048322 -8.583723697040055 -0.382118961028114 0.5144530232203482 -0.7676739398898664 5.375271807002903
-0.6282219488183534 0.7735729687457781 -0.08319950891435397 -1.9664693224253686 0.7570899450705765 0.6324502716602435 0.1637734672434504 -8.687032716835077 0.17931016120020488 0.03989684866408259 -0.9829832862888792 4.831948225095116
-0.5248165684143242 0.17879196533077765 -0.8322266495565876 -2.3771247024340116 0.11082341493526719 0.9837225103225213 0.14145148069225447 -8.742919653654956 0.8439701632945554 -0.01799395807469087 -0.5360883031585876 4.418502350404764
0.3215640796786291 -0.33797755149899467 -0.8845156568915155 -2.8971177996571065 -0.34468068422331816 0.8282612225585764 -0.44179054222142694 -9.05166915714172 0.8819251599211215 0.44693931856155833 0.14984439010756367 4.337586129197985
0.9763598850594307 -0.17492912809449976 -0.1269699472733538 -3.0728664256893627 -0.0660236589924883 0.31798374650060446 -0.9457946478316864 -9.653945706133403 0.2058216334838552 0.9318187749933559 0.29891690185329645 4.389595063422868
0.6487887035319427 0.49452513062678405 0.578375520382148 -2.8345413249830442 0.6429450654991976 0.05033498917143844 -0.764256700159448 -10.205838432754298 -0.40705635398822027 0.8677047725311602 -0.285295589396504 4.1586210036849875
-0.2853668123777444 0.8746089970948662 0.3919502533903064 -2.6563568853156974 0.932953997977521 0.3471371613641236 -0.09535679335547595 -10.38671072702085 -0.21946037299676827 0.3384600984588522 -0.9150311074413767 3.5558641588579682
-0.71012288584663 0.532683836640111 -0.46040585413522783 -2.969477525923722 0.45434615614452134 0.8462356377811163 0.2783075594254057 -10.333043624069358 0.5378615357700008 -0.011550856731787185 -0.8429540877970894 2.9770211538844675
-0.1462311149307021 -0.08853369039860749 -0.9852808870994929 -3.594319467747752 -0.2235809693177011 0.9731738764579387 -0.0542628890178103 -10.478459146791645 0.9636534569887457 0.21235514208944545 -0.16210298162322906 2.80876789045969
0.7288965726592281 -0.28033613440358546 -0.6245971928383905 -3.9691971870103013 -0.34513449443808986 0.637447413943268 -0.6888710252506443 -11.007879597985823 0.5912633432083539 0.7176855731721036 0.3678792708709042 2.947482133337397
0.9753277562847897 0.09830501356834656 0.19766670076942455 -3.832669410421308 0.16714885183838205 0.2560705926871632 -0.9520974046118815 -11.65457236169041 -0.14421225424562545 0.9616466308577345 0.23332110559791594 2.9524290077805766
0.41387484339791625 0.5965167793353074 0.6876595001718478 -3.471764393007845 0.7497976368003787 0.2050058939259079 -0.6291076572908089 -12.04119265344635 -0.5162472149205402 0.7759773290035166 -0.36241987346283827 2.563969718655697
-0.37839461722181766 0.7762783743463603 0.5041920576293659 -3.3437902180942625 0.8854152632449668 0.46237819072752473 -0.047398277636512935 -12.069510522231102 -0.26992165523242323 0.42848427427389674 -0.8622897983524592 1.9282643037612779
-0.7898573899250438 0.6057503958693538 -0.09587485606587816 -3.6354651649311402 0.5387908790679751 0.7600551900901416 0.36334673207343643 -11.939791557853567 0.29296736758089437 0.23533578663399324 -0.9267078127204021 1.3743153492680726
-0.6660988798213958 0.33065082483249236 -0.6685675025424077 -4.201463586343769 0.015085063790481681 0.9021560315634781 0.431146459304077 -11.906033532773568 0.7457108067555018 0.27710091860725544 -0.6059130188334829 1.1078290951182226
-0.2321600849773328 0.166653918381112 -0.9582945308945217 -4.783764262406379 -0.3944663771776407 0.8844263343608352 0.24937267804885435 -12.085906725227172 0.8890995161925026 0.43590940800269756 -0.13958930873087164 1.122491558412061
0.22459942960920184 0.1623231342917706 -0.960836406882162 -5.2087930345491475 -0.5903510949396392 0.8071451749179285 -0.0016383397454565556 -12.450339669821672 0.7752682809503413 0.5675987915844447 0.2771116634397775 1.2996886900708668
0.5493986431409282 0.25167216889701133 -0.7967574889158883 -5.431753905082285 -0.623429194093174 0.7583586063249701 -0.1903382001518235 -12.906925324204131 0.5563249738610444 0.6012934552379842 0.5735405849623448 1.5285234132557257
0.7270808460600611 0.3513065065711245 -0.5898622410729545 -5.4854460891016785 -0.5837977565614025 0.7684943198241572 -0.26191042468500964 -13.368321490592292 0.36129497065223726 0.5347903589471513 0.7638490304377914 1.7558161148537652
0.8078764690797768 0.41128599854817727 -0.422113445220383 -5.4231096203270495 -0.5284634894290381 0.8225921933909934 -0.20992581380302577 -13.772681151743155 0.2608877625761477 0.39266576032358197 0.8819021092267306 1.9765008308712524
0.8418729489018023 0.41958205773343 -0.33941299599755836 -5.2922781520076825 -0.46136472412079277 0.8858409314818934 -0.04928346612018406 -14.076099580647547 0.27998756663258917 0.19808374768416007 0.9393454964059027 2.2034588860509725
0.8454419187535708 0.3894605340129268 -0.365443171931204 -5.133706381495081 -0.3433189550657705 0.9204736434101206 0.18671024820162122 -14.244043798153262 0.40909717072503504 -0.03238889288140532 0.9119158760582946 2.440574949923347
0.7931840908423086 0.3478670744797282 -0.4998477884344098 -4.98735689484676 -0.1205043583865932 0.894218698906425 0.43110557531059696 -14.25386724398774 0.5969407117538675 -0.281711977775088 0.7511992287447142 2.6664725530544735
0.6340713293108703 0.32810466008396194 -0.7002151304421385 -4.892826459457532 0.22692342842880853 0.7866993142934916 0.5741170209301624 -14.108440436252923 0.7392292145129625 -0.5229260256234564 0.4243685922598361 2.8295079202935582
0.3362666564371002 0.36254853186269814 -0.869185645831093 -4.878070510495903 0.6300029315066837 0.5994168144392792 0.49375727009380893 -13.855858954494947 0.7000153751615654 -0.7136232475150399 -0.026842945021597602 2.8560694650050578
-0.056135948763231074 0.469265647591994 -0.88127118592934 -4.933954641618564 0.9191341193677621 0.3690050110975218 0.13794277337235775 -13.604824331342188 0.3899252073620828 -0.80226245235509 -0.45203259985829347 2.6809013979571272
-0.40543136154715415 0.6336947344759039 -0.6588298394912789 -4.985773660414107 0.9037459053880941 0.16956138060864004 -0.3930555008868495 -13.50623792105557 -0.13736512437901868 -0.7547713864107608 -0.6414445488206548 2.307683712858909
-0.5424223506846907 0.8025414320342195 -0.24840626747166838 -4.902267929354046 0.5139590034244941 0.0831092222969954 -0.8537795167062585 -13.666474672276912 -0.6645484884994252 -0.5907792726931784 -0.45755366691151406 1.8684107189696324
-0.3796963651129547 0.908161749131253 0.17627639274229193 -4.5764805469801635 -0.10958301456984582 0.14505209687819912 -0.9833371283535073 -14.026497704349042 -0.9185982413562384 -0.3926860093745477 0.04444334357492035 1.596357887244722
0.013030542621274574 0.913668685394476 0.4062514471409325 -4.036709721032915 -0.6685420600938589 0.31008442072020814 -0.6759435704483524 -14.333776178186376 -0.7435604683107062 -0.2627878704754103 0.6148664044689996 1.6699266995140098
0.4344430237259086 0.8399860822438654 0.32508927882408395 -3.4707209741586347 -0.8757377087624368 0.47831324730639246 -0.06557720456491953 -14.296622950249002 -0.2105782482203441 -0.2562030130657985 0.943407132054434 2.0382140885091182
0.6627595491889164 0.7486708945552527 -0.015561784360340636 -3.105193685682959 -0.6247059300793408 0.5642396958519341 0.5397931536775586 -13.819450056765968 0.41290802458111237 -0.34803113806837 0.8416540900312114 2.412477209280218
0.5801488550357258 0.695799154116308 -0.4234280901067269 -3.03220383524115 -0.05094465764967748 0.5498354928562217 0.8337182605698249 -13.101332479636962 0.8129161548767907 -0.46210886156193837 0.354433438027941 2.4659262953748526
0.23297981114424898 0.6971728553645992 -0.6779903101948069 -3.1391094401262314 0.5500253302382915 0.48048483499677275 0.6830863768486047 -12.49746386439305 0.8019931931540448 -0.5320567122492346 -0.271519559132178 2.073571414349672
-0.20530559150283872 0.7301190118674347 -0.6517487008489787 -3.1975878400505944 0.8895487943522242 0.4168980153588885 0.18681429647826617 -12.269738871641172 0.4081092509167176 -0.5414077539610461 -0.7350679379355572 1.387738891137679
-0.5354037188191666 0.7618642971934227 -0.3645630541434625 -3.0216840566340926 0.8285496855568862 0.39004117850820125 -0.40171376845998297 -12.43444829143639 -0.16385682186139866 -0.5171371524675565 -0.8400717460445605 0.7119331680382075
-0.629161294868769 0.775795657159031 0.04793502147819106 -2.5695625976953442 0.42053970728453266 0.39162019586032626 -0.818401288322571 -12.793215733679943 -0.6536843891193506 -0.4947473366634918 -0.572644952909049 0.30354903961877044
-0.473551525411098 0.777139762325042 0.4144916570893246 -1.9391510166482302 -0.14438552752838066 0.39574039248900944 -0.9069415603019018 -13.07938349515039 -0.8688512687484274 -0.4893296752826326 -0.07519561513169688 0.2486912074785394
-0.15461620048957955 0.7808992386886089 0.6052196264484433 -1.2923251488688017 -0.6424807961340013 0.3858947239985526 -0.6620455666722777 -13.10129162038909 -0.7505417459573476 -0.4912044642721181 0.4420471818177541 0.45847012673187526
0.19502932134181128 0.7962838857530892 0.5726220967949099 -0.7699386892055773 -0.9084230814618265 0.3667670966116341 -0.2006239978432924 -12.809850484991054 -0.3697724495172974 -0.4810550928396779 0.7948928900539461 0.7489629906282093
0.4534810866101088 0.8192453989038154 0.35098765196810816 -0.4407803486769261 -0.8824691557755587 0.35752813617142976 0.30565069766142855 -12.28419275552753 0.12491505189734654 -0.4483421165733808 0.885090885331275 0.9390821999375177
0.5484154986481667 0.8357689088138953 0.0270408438082437 -0.29508459813437715 -0.6077312219466259 0.37615236486995635 0.6994087881697105 -11.669979664049066 0.5743726276041473 -0.39999973874607075 0.7142104428169858 0.9173855634245873
0.4688940175444474 0.8311205584321119 -0.2989606883773341 -0.26935312339532774 -0.19312589570936545 0.426759265889435 0.883504054755052 -11.112397629175803 0.861882482363727 -0.3565322958006303 0.3606155458103406 0.6618861948685146
0.2540721901452954 0.798407658933426 -0.5458872901311456 -0.2819713045803552 0.23500337085553705 0.49653315706079665 0.8356007716292322 -10.711074105345896 0.9382010087445362 -0.3405878807114286 -0.061473379584665234 0.22227223420220454
-0.030496479351148655 0.741953209116128 -0.6697580076123667 -0.2628174329831481 0.5731800305769877 0.5619311148899702 0.5964046382527917 -10.50528673569802 0.8188619672344893 -0.3657032847283422 -0.4424097747416917 -0.31538604130089787
-0.31760862778870824 0.674780127665601 -0.6661808860835885 -0.1688284557189007 0.7627897007176759 0.5991603113365744 0.24322678115692345 -10.48312803172715 0.5632734996779016 -0.4309045969634781 -0.7050138198386462 -0.8625197822315799
-0.5564163397811848 0.6126060799915065 -0.561351117594677 0.013894966510317547 0.7930980895613661 0.5930353100807343 -0.13894255744816875 -10.601969516368863 0.24778376744806718 -0.5225160144968676 -0.8158311657099733 -1.3499428915491243
-0.7208046303117086 0.5676571617841687 -0.3977517456739285 0.27656254050172224 0.6907463747161374 0.5406412441353192 -0.4801843268830959 -10.80930034601184 -0.05753922865736643 -0.6208642681449086 -0.7818036888668383 -1.736043067142096
-0.809121819477461 0.5449038220376232 -0.2200048902901792 0.5969930564263346 0.5032771095069436 0.44928511207354366 -0.7381433149285681 -11.057718547887118 -0.3033722925403949 -0.7079708535650293 -0.63776385713541 -2.005000419703486
-0.8382606266165977 0.5414209509662931 -0.06467568804756658 0.9480788097681373 0.28315905828270865 0.3308707530777107 -0.9001922169338922 -11.312971183344152 -0.46598368362061454 -0.7729087358726184 -0.43066405191245677 -2.160007694609314
-0.8353204145885466 0.5479794053250355 0.04425938889009131 1.3037384091318924 0.07657022352714113 0.19568564007922382 -0.977673106390814 -11.556300845859623 -0.544405668420579 -0.813280863276353 -0.20541904248163145 -2.215314334122785
-0.8291225611527285 0.5510384994860651 0.09440778521592216 1.6418884713671724 -0.0812115190540791 0.048364394700763175 -0.9955230092671163 -11.78326667506656 -0.5531375133448709 -0.8330771316800166 0.004650672492415844 -2.189253413885913
-0.8422236924842111 0.5331962646328111 0.07975862114436551 1.9448095601691946 -0.16387148087655504 -0.11224224246849838 -0.9800756634605998 -12.000068928692723 -0.5136204189120505 -0.8385127032212804 0.1819086865966581 -2.0988576404533115
-0.88183284103701 0.47153407199549047 -0.005190862139684082 2.1968323277262094 -0.14829635034570623 -0.2877504363852223 -0.9461545252190796 -12.218318941414111 -0.4476378088579244 -0.8335799743271196 0.32367444246228844 -1.956424643112169
-0.9269975004781635 0.33632891243714025 -0.16600898620188534 2.3803410521934505 -0.011671093195117626 -0.4682626745624306 -0.8835125426046416 -12.447462841586493 -0.37488669137863195 -0.817076034889693 0.43800346530563816 -1.7677518483773151
-0.9138535034589693 0.09829700909631318 -0.3939670013925306 2.473418429540307 0.255647027954561 -0.6145215582619425 -0.7463299675486124 -12.683138032008209 -0.31546331330018246 -0.7827524056752294 0.5364530541057482 -1.532246574996306
-0.7374686002731071 -0.24276350985417752 -0.630243132827044 2.456776083897824 0.60808650743874 -0.6447318990742248 -0.463197716072118 -12.892698775946863 -0.2938904120715417 -0.7248359060148585 0.623090394954784 -1.2452681316474505
-0.31101850450606316 -0.6071874406623781 -0.7311575530157398 2.3402568130996055 0.8895622286765674 -0.4568136051122697 0.0009591887983512806 -13.008462494902723 -0.3345850756774659 -0.650111737123075 0.6822080867459848 -0.9045431995173023
0.29944634590053903 -0.8072149511681791 -0.5086613279492963 2.203291641617141 0.8472818472239432 -0.020146354647655833 0.53076185394093 -12.957453145451693 -0.4386863483530201 -0.5899142141863963 0.67790545418344 -0.5211032825739366
0.7686170486876736 -0.6340448892829856 0.08494346739243709 2.1973809561172972 0.3205219176646237 0.4966147850364116 0.8066226348528278 -12.747188648242387 -0.5536187327848895 -0.592757598314906 0.5849316795502042 -0.12514058114668697
0.6657815059508949 -0.08927446676896508 0.7407870811107812 2.4387268871944237 -0.465442458447372 0.7262833642490923 0.505842227825334 -12.545530683139823 -0.5831797711655615 -0.6815739320198287 0.441993928017364 0.24840961750146395
-0.07707531877289506 0.4460966680365667 0.8916600269777717 2.8288787598494607 -0.877843364080403 0.39364849883782005 -0.2728231540840276 -12.59952666551396 -0.47270599495287946 -0.8037653662089146 0.3612624866903821 0.5981048383253884
-0.8488953275103106 0.44696870478299583 0.2821278283710775 3.045296900830618 -0.43313953813236156 -0.2823451188260388 -0.8559625765839524 -12.953454869731038 -0.3029311587397071 -0.8488229839647142 0.4332811710021552 0.976118192647581
-0.8236453292508544 -0.1596595086106968 -0.5441668619139483 2.8741643945762814 0.5097599549083461 -0.6289068510682347 -0.5870447310196232 -13.279578494300264 -0.24850308049653042 -0.7609109448387997 0.5993839084820883 1.4379557652226915
0.04634889015900723 -0.7432416520074977 -0.6674159628799404 2.5593068585627794 0.9225291463626885 -0.22441259034429661 0.31397385785867943 -13.19084332841814 -0.3831348205353158 -0.6302629645853056 0.6752604556080145 1.9584107376964681
0.7804797167210302 -0.6163945284215302 0.10444917817669536 2.5970076260816954 0.28104807920043356 0.4951673978215347 0.8220838309429206 -12.776048287080288 -0.558447454409529 -0.6122644153489329 0.5597044647872574 2.435637174496387
0.48137951903743503 0.08181109036299564 0.872686132118508 3.086946028402085 -0.6735824897006789 0.6716088410508876 0.3085915903783322 -12.58380732100883 -0.5608572461102783 -0.7363755137710168 0.37840532980700187 2.812342427729444
-0.499136598448654 0.502240982031806 0.7061282412212805 3.5280397350125905 -0.7783639381876866 0.09824925025313085 -0.6200784625674554 -12.92611941059171 -0.38080536437413703 -0.8591282205825543 0.34188649313592384 3.1580644767024446
-0.9690967997700622 0.15453952055323877 -0.1922740844011841 3.4456848188316718 0.08773327260332087 -0.5125593546458521 -0.8541583069057604 -13.42848740551424 -0.23055321364254547 -0.8446306254821901 0.483161178137092 3.5819665605455357
-0.38754783968487144 -0.5083603470294793 -0.7690102978959992 3.018640723080293 0.8794017718806327 -0.45409883442099935 -0.1429944397192819 -13.497679599145457 -0.2765139538385136 -0.7316860801647799 0.6230376552486694 4.087013872934257
0.5442569693378362 -0.7300766310844488 -0.4132467327759651 2.8436804335581978 0.7110334107248936 0.14002172581551398 0.6890762413601041 -13.070656208622463 -0.4452146784147523 -0.6688667082051157 0.5953163981262597 4.565533324171409
0.8267490092632719 -0.35074630595754935 0.4398448979382236 3.20294584057 -0.171773782857756 0.5871234248419266 0.7910629028180519 -12.65233591478515 -0.5357052754338528 -0.7295641276097348 0.42515462479636346 4.932071270336021
0.25940398168731227 0.1591416438822083 0.9525670548557568 3.7956379103187374 -0.853609659870551 0.4991292217428161 0.14906802127802318 -12.696704489312971 -0.45173089895856827 -0.851788926621408 0.26532104250194266 5.212267695016387
-0.5571272000635787 0.3390267099460942 0.7580703879578712 4.139117058731281 -0.7858446050332605 0.07984582098843764 -0.6132484670492198 -13.169254418014607 -0.2684363575616168 -0.9373824724820339 0.22193809247393914 5.496662396763278
-0.9812314510001957 0.15327555067027057 0.11701284601725713 4.034202764580817 -0.15434466013563203 -0.2604984437019219 -0.9530577468023002 -13.695717351792311 -0.11559892772550281 -0.9532301167444246 0.27926643310982235 5.844707815291023
-0.846937167670574 -0.14364728698882062 -0.5119213054474315 3.628644917489405 0.5287120712588645 -0.3293562168791335 -0.7822971260405548 -13.952429614661813 -0.05622974666569792 -0.9332151355882358 0.3548918320791881 6.24751980704678
-0.38359648850894884 -0.327647492398515 -0.8634241930426135 3.187211655278627 0.9208417050957068 -0.20660839966590108 -0.3307026703346783 -13.860125042727658 -0.07003683355940515 -0.9219331147120998 0.38096540127524714 6.6573881876269185
0.11198812773618462 -0.3456787525467791 -0.9316465914195303 2.886715376107327 0.9879618061172051 -0.06196369040120603 0.14174876932603425 -13.519428718917714 -0.10672772221448625 -0.9363051336096074 0.33457788911764935 7.028501318334506
0.4751955976523676 -0.26058560747458986 -0.8404075454327945 2.7695614336326613 0.8696604091206517 -0.006055514818385356 0.49361411697715407 -13.06925356726665 -0.1337176636725469 -0.9654321013498086 0.2237431678878348 7.332784890873345
0.6798456634732268 -0.15179175045738882 -0.7174745530672119 2.7952497934541807 0.7177669522989533 -0.06292191070447672 0.6934351112252979 -12.605525514023961 -0.15040237923453123 -0.9864079791482626 0.06617375505629855 7.554256184178938
0.7618133985014786 -0.06342891777634921 -0.6446842241272732 2.8989516385511553 0.6219552808366313 -0.20666685339049984 0.7552888840385706 -12.174309713204348 -0.18114176376022686 -0.97635349785777 -0.11799167979345818 7.679511769041139
0.7535863141177572 -0.0006229584844872174 -0.6573491299859604 3.0211565745461466 0.6029398296485237 -0.3977051209524041 0.6915887735909082 -11.798282066057023 -0.26186165488377294 -0.9175133958374057 -0.29932950544772413 7.695867687149096
0.6572621143188532 0.05527691104066468 -0.7516325862064329 3.1156402806272485 0.6247888715230343 -0.5977003755517951 0.5023882229936558 -11.502469538750418 -0.42148027852357056 -0.7998120395864091 -0.427382165736644 7.599314071983689
0.45352429349575596 0.13144472303894048 -0.8814979367045059 3.1511189746287216 0.6071533033096423 -0.7696195552324412 0.1976143963277811 -11.322808695314581 -0.6524422527462064 -0.6248270002945603 -0.42884823495776464 7.408369135422085
0.1378221825296511 0.2514655555813602 -0.9580034736741461 3.118116735684586 0.4533077460943913 -0.8760012919382189 -0.16472586188417995 -11.300181534438831 -0.8806347295879454 -0.4115672988197576 -0.2347237971766853 7.175506304655497
-0.23208312695930153 0.4234333024944929 -0.8756952388166138 3.041585267210551 0.11012963137334611 -0.8830490583793383 -0.4561761141274547 -11.458293042158829 -0.9664416395020163 -0.20231061927757182 0.15830797640702482 6.989013459255827
-0.5209349924837561 0.6268269326407085 -0.5794093317625739 2.9947672616141476 -0.36044558002620863 -0.7768351727869854 -0.5163398764475087 -11.767691038514599 -0.7737610971336771 -0.06013384044463859 0.6306172216520802 6.952059610298981
-0.5731603288908119 0.8085308147199594 -0.13328768150751977 3.0895906901782255 -0.7679983930296638 -0.5867485491701804 -0.2567203896613681 -12.111334146533132 -0.2857727217110833 -0.04477702869495342 0.9572509278121624 7.120633059211273
-0.32265798875000207 0.9045607008787805 0.27867958157817685 3.4125763091776915 -0.8879305377049143 -0.3912460253686327 0.24188168149861586 -12.304467525287668 0.3278286749209363 -0.16940278214935967 0.9294253712625461 7.418532665104662
